# Header: N zmin zmax IMF Hubble Comment
# 13 0.2 0.4 0.0 0.7 Drory 2009 Cosmos
8.50 0.09666 0.06844 1
8.75 0.15127 0.06520 1
9.00 0.16716 0.06547 1
9.25 0.14023 0.06951 1
9.50 0.15084 0.07180 1
9.75 0.17842 0.07302 1
10.00 0.21915 0.07240 1
10.25 0.31288 0.06574 1
10.50 0.39914 0.06291 1
10.75 0.44560 0.07068 1
11.00 0.62393 0.07045 1
11.25 0.69072 0.10242 1
11.50 0.77778 0.20779 1
# 11 0.4 0.6 0.0 0.7 Drory 2009 Cosmos
9.00 0.06550 0.07120 1
9.25 0.07411 0.07188 1
9.50 0.06964 0.07555 1
9.75 0.10127 0.07753 1
10.00 0.12227 0.07795 1
10.25 0.23546 0.06962 1
10.50 0.30478 0.06914 1
10.75 0.38880 0.07417 1
11.00 0.58726 0.07108 1
11.25 0.71304 0.09338 1
11.50 0.82758 0.15715 1
# 11 0.6 0.8 0.0 0.7 Drory 2009 Cosmos
9.25 0.03065 0.07307 1
9.50 0.05001 0.07402 1
9.75 0.06737 0.07653 1
10.00 0.10965 0.07514 1
10.25 0.16808 0.07161 1
10.50 0.25508 0.07001 1
10.75 0.31241 0.07701 1
11.00 0.43398 0.08821 1
11.25 0.61415 0.11108 1
11.50 0.78313 0.18411 1
11.75 0.90000 0.31711 1
# 10 0.8 1.0 0.0 0.7 Drory 2009 Cosmos
9.50 0.01520 0.08146 1
9.75 0.03748 0.07761 1
10.00 0.07855 0.07566 1
10.25 0.13585 0.07181 1
10.50 0.19342 0.07286 1
10.75 0.27348 0.07883 1
11.00 0.38557 0.09281 1
11.25 0.55343 0.12475 1
11.50 0.72322 0.23167 1
11.75 0.71429 0.89080 1
# 4 0.0 0.1 0.0 0.7 Wetzel 2012 SDSS
9.75 0.23 0.05 1
10.25 0.45 0.05 1
10.75 0.72 0.10 1
11.25 0.90 0.05 1
# 4 0.4 0.6 0.0 0.7 Wetzel 2012 SDSS
9.75 0.08 0.03 1
10.25 0.19 0.05 1
10.75 0.35 0.08 1
11.25 0.58 0.10 1
# 4 0.6 0.8 0.0 0.7 Wetzel 2012 SDSS
9.75 0.09 0.03 1
10.25 0.18 0.05 1
10.75 0.32 0.10 1
11.25 0.53 0.05 1
# 4 0.8 1.0 0.0 0.7 Wetzel 2012 SDSS
9.75 0.06 0.03 1
10.25 0.13 0.05 1
10.75 0.26 0.10 1
11.25 0.48 0.05 1
# 8 0.2 0.5 0.24 0.7 Lin 2013 PanStarrs
9.24 0.05 0.03 1
9.55 0.10 0.03 1
9.84 0.18 0.03 1
10.14 0.31 0.03 1
10.44 0.53 0.03 1
10.74 0.70 0.03 1
11.04 0.84 0.04 1
11.33 0.70 0.05 1
# 8 0.5 0.8 0.24 0.7 Lin 2013 PanStarrs
9.25 0.02 0.03 1
9.55 0.03 0.03 1
9.84 0.05 0.03 1
10.14 0.13 0.03 1
10.44 0.33 0.03 1
10.74 0.56 0.03 1
11.04 0.77 0.03 1
11.34 0.89 0.03 1
# 18 0.2 0.5 0.0 0.7 Ilbert 2013
8.500 0.096 0.094 1
8.700 0.102 0.088 1
8.900 0.112 0.087 1
9.100 0.126 0.087 1
9.300 0.147 0.087 1
9.500 0.176 0.084 1
9.700 0.214 0.079 1
9.900 0.261 0.076 1
10.100 0.314 0.077 1
10.300 0.369 0.073 1
10.500 0.418 0.066 1
10.700 0.462 0.067 1
10.900 0.511 0.076 1
11.100 0.590 0.090 1
11.300 0.726 0.170 1
11.500 0.891 0.418 1
11.700 0.983 0.911 1
11.900 0.999 1.814 1
# 16 0.5 0.8 0.0 0.7 Ilbert 2013
8.900 0.019 0.113 1
9.100 0.030 0.093 1
9.300 0.046 0.088 1
9.500 0.070 0.085 1
9.700 0.105 0.079 1
9.900 0.155 0.075 1
10.100 0.221 0.070 1
10.300 0.300 0.062 1
10.500 0.386 0.052 1
10.700 0.474 0.044 1
10.900 0.569 0.047 1
11.100 0.685 0.055 1
11.300 0.823 0.108 1
11.500 0.942 0.242 1
11.700 0.992 0.455 1
11.900 1.000 0.796 1
# 14 0.8 1.1 0.0 0.7 Ilbert 2013
9.300 0.024 0.100 1
9.500 0.043 0.080 1
9.700 0.077 0.074 1
9.900 0.131 0.070 1
10.100 0.212 0.062 1
10.300 0.318 0.045 1
10.500 0.439 0.035 1
10.700 0.561 0.030 1
10.900 0.667 0.036 1
11.100 0.752 0.056 1
11.300 0.817 0.102 1
11.500 0.866 0.200 1
11.700 0.902 0.369 1
11.900 0.930 0.675 1
# 13 1.1 1.5 0.0 0.7 Ilbert 2013
9.500 0.015 0.088 1
9.700 0.029 0.073 1
9.900 0.053 0.071 1
10.100 0.094 0.069 1
10.300 0.159 0.066 1
10.500 0.246 0.060 1
10.700 0.345 0.052 1
10.900 0.440 0.046 1
11.100 0.523 0.051 1
11.300 0.600 0.075 1
11.500 0.684 0.152 1
11.700 0.784 0.325 1
11.900 0.888 0.721 1
# 12 1.5 2.0 0.0 0.7 Ilbert 2013
9.700 0.010 0.096 1
9.900 0.021 0.071 1
10.100 0.042 0.066 1
10.300 0.074 0.072 1
10.500 0.118 0.068 1
10.700 0.169 0.057 1
10.900 0.223 0.070 1
11.100 0.285 0.073 1
11.300 0.366 0.099 1
11.500 0.482 0.167 1
11.700 0.649 0.307 1
11.900 0.838 0.822 1
# 10 2.0 2.5 0.0 0.7 Ilbert 2013
9.900 0.007 0.141 1
10.100 0.019 0.091 1
10.300 0.043 0.088 1
10.500 0.085 0.084 1
10.700 0.146 0.067 1
10.900 0.215 0.076 1
11.100 0.271 0.085 1
11.300 0.288 0.133 1
11.500 0.243 0.320 1
11.700 0.135 0.856 1
# 9 2.5 3.0 0.0 0.7 Ilbert 2013
10.100 0.001 0.177 1
10.300 0.006 0.131 1
10.500 0.029 0.129 1
10.700 0.096 0.127 1
10.900 0.189 0.105 1
11.100 0.193 0.151 1
11.300 0.071 0.276 1
11.500 0.004 0.617 1
11.700 0.000 1.397 1
# 19 0.2 0.3 0.0 0.7 Moustakas 2013
9.300 0.065 0.122 1
9.400 0.156 0.061 1
9.500 0.164 0.058 1
9.600 0.216 0.049 1
9.700 0.186 0.061 1
9.800 0.248 0.050 1
9.900 0.215 0.054 1
10.000 0.289 0.053 1
10.100 0.353 0.047 1
10.200 0.426 0.041 1
10.300 0.432 0.044 1
10.400 0.569 0.045 1
10.500 0.417 0.046 1
10.600 0.494 0.046 1
10.700 0.550 0.049 1
10.800 0.554 0.060 1
10.900 0.711 0.084 1
11.000 0.746 0.122 1
11.100 0.715 0.123 1
# 20 0.3 0.4 0.0 0.7 Moustakas 2013
9.600 0.173 0.052 1
9.700 0.172 0.049 1
9.800 0.226 0.045 1
9.900 0.229 0.045 1
10.000 0.285 0.044 1
10.100 0.314 0.046 1
10.200 0.347 0.033 1
10.300 0.364 0.033 1
10.400 0.405 0.032 1
10.500 0.449 0.031 1
10.600 0.507 0.032 1
10.700 0.531 0.035 1
10.800 0.595 0.041 1
10.900 0.528 0.049 1
11.000 0.605 0.055 1
11.100 0.755 0.079 1
11.200 0.725 0.109 1
11.300 0.799 0.149 1
11.400 0.729 0.221 1
11.500 0.420 1.030 1
# 18 0.4 0.5 0.0 0.7 Moustakas 2013
9.900 0.194 0.050 1
10.000 0.216 0.043 1
10.100 0.221 0.137 1
10.200 0.308 0.040 1
10.300 0.304 0.036 1
10.400 0.395 0.038 1
10.500 0.403 0.035 1
10.600 0.416 0.033 1
10.700 0.444 0.037 1
10.800 0.461 0.034 1
10.900 0.536 0.044 1
11.000 0.585 0.046 1
11.100 0.573 0.061 1
11.200 0.626 0.080 1
11.300 0.569 0.105 1
11.400 0.725 0.219 1
11.500 0.751 0.486 1
11.600 0.780 0.618 1
# 16 0.5 0.65 0.0 0.7 Moustakas 2013
10.200 0.242 0.033 1
10.300 0.375 0.029 1
10.400 0.386 0.025 1
10.500 0.398 0.025 1
10.600 0.422 0.024 1
10.700 0.444 0.023 1
10.800 0.513 0.024 1
10.900 0.582 0.030 1
11.000 0.611 0.032 1
11.100 0.642 0.041 1
11.200 0.621 0.053 1
11.300 0.759 0.089 1
11.400 0.629 0.103 1
11.500 0.863 0.174 1
11.600 0.849 0.504 1
11.700 0.751 0.389 1
# 13 0.65 0.8 0.0 0.7 Moustakas 2013
10.500 0.444 0.029 1
10.600 0.406 0.042 1
10.700 0.404 0.037 1
10.800 0.499 0.022 1
10.900 0.500 0.026 1
11.000 0.603 0.042 1
11.100 0.580 0.033 1
11.200 0.571 0.051 1
11.300 0.635 0.057 1
11.400 0.731 0.081 1
11.500 0.686 0.192 1
11.600 0.855 0.350 1
11.700 0.299 0.672 1
# 11 0.8 1.0 0.0 0.7 Moustakas 2013
10.800 0.527 0.032 1
10.900 0.556 0.027 1
11.000 0.613 0.034 1
11.100 0.634 0.036 1
11.200 0.570 0.039 1
11.300 0.537 0.044 1
11.400 0.661 0.101 1
11.500 0.651 0.170 1
11.600 0.814 0.157 1
11.700 0.574 0.352 1
11.800 0.552 1.101 1
# 32 0.2 0.5 0.03 0.7 Muzzin 2013
8.4 0.142 0.157 1
8.5 0.122 0.100 1
8.6 0.163 0.084 1
8.7 0.153 0.084 1
8.8 0.133 0.088 1
8.9 0.137 0.086 1
9.0 0.156 0.087 1
9.1 0.127 0.090 1
9.2 0.129 0.090 1
9.3 0.126 0.095 1
9.4 0.128 0.095 1
9.5 0.159 0.088 1
9.6 0.179 0.086 1
9.7 0.204 0.079 1
9.8 0.198 0.081 1
9.9 0.261 0.072 1
10.0 0.226 0.079 1
10.1 0.296 0.070 1
10.2 0.332 0.068 1
10.3 0.359 0.064 1
10.4 0.408 0.058 1
10.5 0.460 0.055 1
10.6 0.501 0.055 1
10.7 0.615 0.068 1
10.8 0.629 0.074 1
10.9 0.730 0.091 1
11.0 0.763 0.104 1
11.1 0.842 0.143 1
11.2 0.900 0.181 1
11.3 0.872 0.169 1
11.4 0.943 0.237 1
11.5 0.920 0.285 1
# 27 0.5 1.0 0.03 0.7 Muzzin 2013
8.9 0.065 0.080 1
9.0 0.056 0.063 1
9.1 0.068 0.063 1
9.2 0.066 0.064 1
9.3 0.069 0.057 1
9.4 0.076 0.057 1
9.5 0.067 0.059 1
9.6 0.088 0.058 1
9.7 0.103 0.055 1
9.8 0.115 0.053 1
9.9 0.174 0.048 1
10.0 0.202 0.047 1
10.1 0.241 0.045 1
10.2 0.295 0.039 1
10.3 0.307 0.038 1
10.4 0.361 0.033 1
10.5 0.412 0.032 1
10.6 0.451 0.032 1
10.7 0.484 0.034 1
10.8 0.556 0.036 1
10.9 0.601 0.040 1
11.0 0.634 0.051 1
11.1 0.751 0.067 1
11.2 0.777 0.083 1
11.3 0.854 0.110 1
11.4 0.892 0.169 1
11.5 0.960 0.206 1
# 23 1.0 1.5 0.03 0.7 Muzzin 2013
9.5 0.046 0.126 1
9.6 0.065 0.065 1
9.7 0.076 0.056 1
9.8 0.104 0.056 1
9.9 0.117 0.048 1
10.0 0.157 0.045 1
10.1 0.184 0.045 1
10.2 0.220 0.043 1
10.3 0.287 0.036 1
10.4 0.311 0.036 1
10.5 0.360 0.033 1
10.6 0.413 0.034 1
10.7 0.449 0.034 1
10.8 0.509 0.033 1
10.9 0.526 0.037 1
11.0 0.620 0.043 1
11.1 0.668 0.057 1
11.2 0.708 0.071 1
11.3 0.761 0.116 1
11.4 0.855 0.146 1
11.5 0.786 0.229 1
11.6 0.941 0.376 1
11.7 0.800 0.549 1
# 16 1.5 2.0 0.03 0.7 Muzzin 2013
10.1 0.133 0.076 1
10.2 0.191 0.068 1
10.3 0.201 0.060 1
10.4 0.249 0.047 1
10.5 0.301 0.044 1
10.6 0.319 0.042 1
10.7 0.374 0.041 1
10.8 0.389 0.047 1
10.9 0.442 0.043 1
11.0 0.398 0.056 1
11.1 0.477 0.061 1
11.2 0.537 0.067 1
11.3 0.487 0.092 1
11.4 0.617 0.144 1
11.5 0.647 0.212 1
11.6 0.667 0.606 1
# 13 2.0 2.5 0.03 0.7 Muzzin 2013
10.5 0.246 0.079 1
10.6 0.239 0.080 1
10.7 0.249 0.070 1
10.8 0.245 0.089 1
10.9 0.181 0.108 1
11.0 0.278 0.083 1
11.1 0.238 0.107 1
11.2 0.150 0.156 1
11.3 0.274 0.147 1
11.4 0.400 0.184 1
11.5 0.600 0.468 1
11.6 0.143 0.521 1
11.7 0.250 0.622 1
# 6 2.5 3.0 0.03 0.7 Muzzin 2013
10.8 0.233 0.130 1
11.0 0.234 0.104 1
11.2 0.170 0.142 1
11.4 0.177 0.180 1
11.6 0.059 0.421 1
11.8 0.167 0.591 1
# 6 3.0 4.0 0.03 0.7 Muzzin 2013
11.0 0.134 0.225 1
11.2 0.149 0.260 1
11.4 0.235 0.253 1
11.6 0.095 0.377 1
11.8 0.000 0.730 1
12.0 0.000 0.999 1
END
