# Header: Npoints zmin zmax IMF Hubble Comment
# 39 0.0 0.2 0.0 1.0 Li & White 2009
8.05 -1.216 -1.174 -1.263 1
8.15 -1.312 -1.264 -1.366 1
8.25 -1.316 -1.275 -1.362 1
8.35 -1.327 -1.288 -1.369 1
8.45 -1.344 -1.308 -1.383 1
8.55 -1.359 -1.325 -1.396 1
8.65 -1.374 -1.345 -1.405 1
8.75 -1.418 -1.386 -1.451 1
8.85 -1.439 -1.411 -1.469 1
8.95 -1.478 -1.450 -1.507 1
9.05 -1.514 -1.488 -1.543 1
9.15 -1.574 -1.547 -1.602 1
9.25 -1.599 -1.573 -1.626 1
9.35 -1.634 -1.606 -1.664 1
9.45 -1.664 -1.638 -1.691 1
9.55 -1.671 -1.648 -1.695 1
9.65 -1.693 -1.670 -1.717 1
9.75 -1.707 -1.687 -1.728 1
9.85 -1.706 -1.686 -1.726 1
9.95 -1.721 -1.704 -1.740 1
10.05 -1.744 -1.729 -1.759 1
10.15 -1.796 -1.782 -1.811 1
10.25 -1.854 -1.840 -1.868 1
10.35 -1.922 -1.908 -1.935 1
10.45 -2.006 -1.994 -2.019 1
10.55 -2.110 -2.098 -2.123 1
10.65 -2.249 -2.237 -2.262 1
10.75 -2.420 -2.407 -2.434 1
10.85 -2.617 -2.607 -2.627 1
10.95 -2.863 -2.851 -2.875 1
11.05 -3.150 -3.134 -3.167 1
11.15 -3.475 -3.462 -3.488 1
11.25 -3.856 -3.839 -3.875 1
11.35 -4.278 -4.253 -4.306 1
11.45 -4.745 -4.702 -4.794 1
11.55 -5.312 -5.237 -5.403 1
11.65 -5.866 -5.745 -6.032 1
11.75 -6.436 -6.297 -6.642 1
11.85 -6.782 -6.589 -7.137 1
# 21 0.0 0.06 0.0 0.7 Baldry 2012
7.30 -1.366 -1.286 -1.463 1
7.50 -1.500 -1.391 -1.646 1
7.70 -1.458 -1.365 -1.578 1
7.90 -1.564 -1.502 -1.636 1
8.10 -1.548 -1.507 -1.593 1
8.30 -1.629 -1.577 -1.688 1
8.50 -1.717 -1.690 -1.745 1
8.70 -1.745 -1.686 -1.812 1
8.90 -1.845 -1.796 -1.900 1
9.10 -1.991 -1.967 -2.018 1
9.30 -2.018 -1.994 -2.044 1
9.50 -2.130 -2.106 -2.154 1
9.70 -2.207 -2.182 -2.234 1
9.90 -2.243 -2.218 -2.271 1
10.10 -2.259 -2.233 -2.287 1
10.30 -2.261 -2.235 -2.289 1
10.50 -2.291 -2.264 -2.320 1
10.70 -2.450 -2.418 -2.484 1
10.90 -2.618 -2.578 -2.662 1
11.10 -2.896 -2.845 -2.955 1
11.30 -3.471 -3.374 -3.597 1
# 32 0.0 0.2 0.0 0.7 Bernardi 2013
9.05 -2.022 -1.972 -2.072 1
9.15 -2.005 -1.962 -2.048 1
9.25 -1.989 -1.952 -2.026 1
9.35 -2.028 -1.995 -2.061 1
9.45 -2.060 -2.030 -2.090 1
9.55 -2.081 -2.054 -2.108 1
9.65 -2.110 -2.085 -2.135 1
9.75 -2.155 -2.133 -2.177 1
9.85 -2.162 -2.142 -2.182 1
9.95 -2.175 -2.157 -2.193 1
10.05 -2.209 -2.192 -2.226 1
10.15 -2.211 -2.196 -2.226 1
10.25 -2.223 -2.210 -2.236 1
10.35 -2.240 -2.228 -2.252 1
10.45 -2.241 -2.230 -2.252 1
10.55 -2.285 -2.275 -2.295 1
10.65 -2.339 -2.329 -2.349 1
10.75 -2.401 -2.392 -2.410 1
10.85 -2.486 -2.477 -2.495 1
10.95 -2.591 -2.582 -2.600 1
11.05 -2.721 -2.712 -2.730 1
11.15 -2.889 -2.879 -2.899 1
11.25 -3.097 -3.086 -3.108 1
11.35 -3.345 -3.332 -3.358 1
11.45 -3.625 -3.609 -3.641 1
11.55 -3.934 -3.914 -3.954 1
11.65 -4.279 -4.252 -4.306 1
11.75 -4.676 -4.638 -4.714 1
11.85 -5.133 -5.074 -5.192 1
11.95 -5.757 -5.647 -5.867 1
12.05 -6.208 -6.035 -6.381 1
12.15 -6.949 -6.556 -7.342 1
# 20 0.00 0.20 0.24 0.7 Perez-Gonzalez 2008
8.00 -1.275 -1.128 -1.440 1
8.20 -1.325 -1.175 -1.494 1
8.40 -1.328 -1.173 -1.503 1
8.60 -1.485 -1.302 -1.698 1
8.80 -1.596 -1.407 -1.817 1
9.00 -1.698 -1.493 -1.942 1
9.20 -1.767 -1.548 -2.030 1
9.40 -1.806 -1.574 -2.089 1
9.60 -1.823 -1.634 -2.044 1
9.80 -1.890 -1.665 -2.163 1
10.00 -1.965 -1.737 -2.242 1
10.20 -1.931 -1.735 -2.162 1
10.40 -2.052 -1.851 -2.290 1
10.60 -2.122 -1.963 -2.303 1
10.80 -2.177 -2.058 -2.308 1
11.00 -2.311 -2.124 -2.529 1
11.20 -2.591 -2.191 -12.590 1
11.40 -3.022 -2.622 -13.021 1
11.60 -3.327 -2.927 -13.326 1
11.80 -3.328 -2.418 -13.327 1
# 20 0.20 0.40 0.24 0.7 Perez-Gonzalez 2008
8.20 -1.690 -1.567 -1.826 1
8.40 -1.681 -1.546 -1.831 1
8.60 -1.817 -1.681 -1.968 1
8.80 -1.800 -1.665 -1.951 1
9.00 -1.897 -1.760 -2.050 1
9.20 -1.987 -1.814 -2.187 1
9.40 -1.953 -1.711 -2.165 1
9.60 -2.042 -1.837 -2.285 1
9.80 -2.145 -1.947 -2.379 1
10.00 -2.113 -1.920 -2.339 1
10.20 -2.207 -1.960 -2.513 1
10.40 -2.263 -2.018 -2.565 1
10.60 -2.329 -2.062 -2.665 1
10.80 -2.499 -2.259 -2.793 1
11.00 -2.605 -2.329 -2.955 1
11.20 -2.798 -2.510 -3.168 1
11.40 -2.955 -2.774 -3.166 1
11.60 -3.458 -3.058 -13.457 1
11.80 -4.040 -3.640 -9.990 1
12.00 -5.037 -4.637 -9.990 1
# 17 0.40 0.60 0.24 0.7 Perez-Gonzalez 2008
8.80 -1.984 -1.875 -2.102 1
9.00 -1.858 -1.763 -1.960 1
9.20 -1.981 -1.868 -2.104 1
9.40 -2.019 -1.905 -2.144 1
9.60 -2.070 -1.942 -2.212 1
9.80 -2.099 -1.981 -2.229 1
10.00 -2.145 -2.007 -2.300 1
10.20 -2.193 -2.057 -2.345 1
10.40 -2.238 -2.081 -2.417 1
10.60 -2.305 -2.150 -2.481 1
10.80 -2.414 -2.227 -2.633 1
11.00 -2.596 -2.388 -2.844 1
11.20 -2.886 -2.615 -3.228 1
11.40 -3.339 -3.023 -3.757 1
11.60 -3.382 -3.207 -3.584 1
11.80 -3.883 -3.635 -4.190 1
12.00 -4.885 -4.485 -9.990 1
# 14 0.60 0.80 0.24 0.7 Perez-Gonzalez 2008
9.20 -2.067 -1.823 -2.367 1
9.40 -2.041 -1.888 -2.214 1
9.60 -2.050 -1.930 -2.182 1
9.80 -2.064 -1.966 -2.170 1
10.00 -2.124 -2.031 -2.224 1
10.20 -2.174 -2.069 -2.288 1
10.40 -2.254 -2.147 -2.371 1
10.60 -2.367 -2.251 -2.495 1
10.80 -2.509 -2.375 -2.659 1
11.00 -2.650 -2.500 -2.820 1
11.20 -2.830 -2.632 -3.063 1
11.40 -3.280 -3.006 -3.628 1
11.60 -3.607 -3.311 -3.990 1
11.80 -4.042 -3.817 -4.315 1
# 13 0.80 1.00 0.24 0.7 Perez-Gonzalez 2008
9.40 -2.053 -1.975 -2.136 1
9.60 -2.162 -2.079 -2.250 1
9.80 -2.203 -2.114 -2.298 1
10.00 -2.254 -2.164 -2.350 1
10.20 -2.326 -2.223 -2.438 1
10.40 -2.379 -2.275 -2.492 1
10.60 -2.509 -2.391 -2.639 1
10.80 -2.599 -2.481 -2.729 1
11.00 -2.742 -2.583 -2.923 1
11.20 -2.893 -2.677 -3.152 1
11.40 -3.160 -2.890 -3.501 1
11.60 -3.634 -3.377 -3.955 1
11.80 -4.113 -3.918 -4.343 1
# 13 1.00 1.30 0.24 0.7 Perez-Gonzalez 2008
9.60 -2.285 -2.209 -2.366 1
9.80 -2.294 -2.214 -2.380 1
10.00 -2.355 -2.266 -2.450 1
10.20 -2.468 -2.372 -2.571 1
10.40 -2.508 -2.410 -2.613 1
10.60 -2.563 -2.459 -2.676 1
10.80 -2.647 -2.526 -2.780 1
11.00 -2.788 -2.633 -2.963 1
11.20 -3.032 -2.859 -3.231 1
11.40 -3.392 -3.127 -3.725 1
11.60 -3.678 -3.366 -4.088 1
11.80 -4.232 -3.926 -4.632 1
12.00 -4.663 -4.263 -9.990 1
# 11 1.30 1.60 0.24 0.7 Perez-Gonzalez 2008
10.00 -2.628 -2.525 -2.740 1
10.20 -2.677 -2.571 -2.792 1
10.40 -2.736 -2.619 -2.864 1
10.60 -2.783 -2.656 -2.924 1
10.80 -2.860 -2.724 -3.012 1
11.00 -2.994 -2.851 -3.155 1
11.20 -3.145 -2.965 -3.353 1
11.40 -3.329 -3.073 -3.648 1
11.60 -3.700 -3.419 -4.059 1
11.80 -4.582 -4.182 -9.990 1
12.00 -4.982 -4.779 -5.223 1
# 10 1.60 2.00 0.24 0.7 Perez-Gonzalez 2008
10.20 -2.935 -2.818 -3.063 1
10.40 -2.979 -2.846 -3.127 1
10.60 -2.967 -2.846 -3.101 1
10.80 -3.066 -2.930 -3.218 1
11.00 -3.207 -3.048 -3.389 1
11.20 -3.340 -3.125 -3.598 1
11.40 -3.585 -3.308 -3.938 1
11.60 -3.873 -3.532 -4.335 1
11.80 -4.388 -4.133 -4.706 1
12.00 -4.834 -4.497 -5.290 1
# 9 2.00 2.50 0.24 0.7 Perez-Gonzalez 2008
10.40 -3.068 -2.949 -3.200 1
10.60 -3.176 -3.037 -3.332 1
10.80 -3.234 -3.095 -3.389 1
11.00 -3.367 -3.202 -3.555 1
11.20 -3.499 -3.323 -3.703 1
11.40 -3.672 -3.446 -3.945 1
11.60 -4.151 -3.883 -4.490 1
11.80 -4.289 -4.035 -4.605 1
12.00 -4.878 -4.542 -5.332 1
# 7 2.50 3.00 0.24 0.7 Perez-Gonzalez 2008
10.80 -3.477 -3.279 -3.710 1
11.00 -3.495 -3.295 -3.731 1
11.20 -3.591 -3.394 -3.823 1
11.40 -3.770 -3.523 -4.076 1
11.60 -4.156 -3.843 -4.569 1
11.80 -4.385 -4.041 -4.853 1
12.00 -4.986 -4.707 -5.342 1
# 6 3.00 3.50 0.24 0.7 Perez-Gonzalez 2008
11.00 -3.610 -3.340 -3.951 1
11.20 -3.721 -3.484 -4.011 1
11.40 -3.925 -3.663 -4.253 1
11.60 -4.277 -4.006 -4.619 1
11.80 -4.498 -4.167 -4.943 1
12.00 -5.142 -4.742 -9.990 1
# 6 3.50 4.00 0.24 0.7 Perez-Gonzalez 2008
11.00 -3.748 -3.488 -4.073 1
11.20 -3.816 -3.584 -4.098 1
11.40 -4.084 -3.786 -4.471 1
11.60 -4.355 -4.092 -4.685 1
11.80 -4.923 -4.658 -5.256 1
12.00 -5.101 -4.786 -5.517 1
# 19 0.6 1.0 0.24 0.7 Santini 2012
8.23 -1.301 -1.147 -1.456 1
8.43 -1.449 -1.376 -1.522 1
8.63 -1.731 -1.667 -1.794 1
8.83 -1.804 -1.741 -1.867 1
9.03 -1.798 -1.735 -1.862 1
9.23 -1.932 -1.857 -2.007 1
9.43 -2.089 -2.000 -2.179 1
9.63 -2.148 -2.056 -2.241 1
9.83 -2.248 -2.146 -2.352 1
10.03 -2.318 -2.204 -2.434 1
10.23 -2.318 -2.197 -2.440 1
10.43 -2.504 -2.360 -2.650 1
10.63 -2.534 -2.391 -2.680 1
10.83 -2.534 -2.386 -2.685 1
11.03 -2.566 -2.421 -2.715 1
11.23 -3.203 -2.834 -3.607 1
11.43 -3.078 -2.800 -3.381 1
11.63 -3.379 -2.884 -3.936 1
11.83 -3.680 -1.843 -5.600 1
# 15 1.0 1.4 0.24 0.7 Santini 2012
8.86 -1.447 -1.345 -1.551 1
9.06 -1.898 -1.820 -1.977 1
9.26 -2.055 -1.982 -2.128 1
9.46 -2.177 -2.097 -2.257 1
9.66 -2.296 -2.206 -2.387 1
9.86 -2.284 -2.192 -2.377 1
10.06 -2.442 -2.332 -2.554 1
10.26 -2.562 -2.431 -2.694 1
10.46 -2.518 -2.397 -2.641 1
10.66 -2.664 -2.524 -2.808 1
10.86 -2.886 -2.699 -3.080 1
11.06 -2.726 -2.579 -2.878 1
11.26 -2.937 -2.751 -3.132 1
11.46 -3.363 -3.041 -3.725 1
11.66 -3.840 -2.006 -5.758 1
# 13 1.4 1.8 0.24 0.7 Santini 2012
9.22 -1.569 -1.465 -1.674 1
9.42 -2.085 -2.007 -2.164 1
9.62 -2.326 -2.241 -2.412 1
9.82 -2.497 -2.391 -2.604 1
10.02 -2.570 -2.453 -2.688 1
10.22 -2.708 -2.567 -2.851 1
10.42 -2.611 -2.482 -2.742 1
10.62 -2.633 -2.503 -2.765 1
10.82 -3.067 -2.854 -3.290 1
11.02 -2.871 -2.708 -3.039 1
11.22 -3.009 -2.821 -3.206 1
11.42 -3.611 -3.214 -4.084 1
11.62 -3.912 -2.616 -5.324 1
# 11 1.8 2.5 0.24 0.7 Santini 2012
9.51 -1.605 -1.523 -1.688 1
9.71 -1.820 -1.766 -1.874 1
9.91 -2.290 -2.227 -2.353 1
10.11 -2.456 -2.381 -2.533 1
10.31 -2.712 -2.612 -2.813 1
10.51 -2.698 -2.594 -2.802 1
10.71 -2.888 -2.762 -3.015 1
10.91 -2.910 -2.779 -3.043 1
11.11 -2.985 -2.840 -3.132 1
11.31 -3.286 -3.088 -3.492 1
11.51 -3.888 -3.463 -4.385 1
# 9 2.5 3.5 0.24 0.7 Santini 2012
9.88 -2.564 -2.351 -2.644 1
10.08 -2.560 -2.402 -2.617 1
10.28 -2.793 -2.619 -2.851 1
10.48 -3.136 -2.922 -3.205 1
10.68 -3.395 -3.136 -3.501 1
10.88 -3.437 -3.167 -3.553 1
11.08 -3.659 -3.329 -3.840 1
11.28 -4.136 -3.630 -4.541 1
11.48 -4.437 -3.381 -5.523 1
# 8 3.5 4.5 0.24 0.7 Santini 2012
10.22 -2.796 -2.550 -2.914 1
10.42 -3.175 -2.947 -3.250 1
10.62 -3.498 -3.209 -3.631 1
10.82 -3.924 -3.482 -4.240 1
11.02 -4.100 -3.590 -4.511 1
11.22 -3.924 -3.479 -4.244 1
11.42 -4.100 -3.508 -4.609 1
11.82 -4.401 -2.747 -6.074 1
# 15 0.2 0.5 0.0 0.7 Ilbert 2013
8.075 -1.602 -1.551 -1.660 1
8.360 -1.623 -1.573 -1.679 1
8.645 -1.738 -1.688 -1.794 1
8.930 -1.842 -1.793 -1.898 1
9.215 -1.969 -1.919 -2.025 1
9.500 -2.096 -2.046 -2.152 1
9.785 -2.208 -2.157 -2.265 1
10.070 -2.284 -2.233 -2.342 1
10.355 -2.330 -2.278 -2.390 1
10.640 -2.399 -2.345 -2.462 1
10.925 -2.579 -2.520 -2.647 1
11.210 -2.955 -2.888 -3.034 1
11.495 -3.477 -3.393 -3.581 1
11.780 -4.227 -4.093 -4.423 1
12.065 -5.217 -4.899 -9.117 1
# 13 0.5 0.8 0.0 0.7 Ilbert 2013
8.800 -1.944 -1.906 -1.986 1
9.050 -1.997 -1.960 -2.039 1
9.300 -2.110 -2.072 -2.152 1
9.550 -2.247 -2.208 -2.289 1
9.800 -2.385 -2.346 -2.427 1
10.050 -2.448 -2.408 -2.491 1
10.300 -2.490 -2.450 -2.536 1
10.550 -2.579 -2.536 -2.627 1
10.800 -2.731 -2.684 -2.783 1
11.050 -2.998 -2.945 -3.059 1
11.300 -3.467 -3.401 -3.544 1
11.550 -3.969 -3.880 -4.081 1
11.800 -5.168 -4.977 -5.518 1
# 12 0.8 1.1 0.0 0.7 Ilbert 2013
9.250 -2.142 -2.108 -2.178 1
9.500 -2.227 -2.193 -2.264 1
9.750 -2.348 -2.313 -2.385 1
10.000 -2.459 -2.424 -2.498 1
10.250 -2.517 -2.480 -2.556 1
10.500 -2.542 -2.504 -2.584 1
10.750 -2.616 -2.575 -2.662 1
11.000 -2.805 -2.758 -2.857 1
11.250 -3.138 -3.084 -3.200 1
11.500 -3.751 -3.681 -3.834 1
11.750 -4.692 -4.570 -4.863 1
12.000 -5.354 -5.126 -5.863 1
# 10 1.1 1.5 0.0 0.7 Ilbert 2013
9.500 -2.270 -2.234 -2.291 1
9.750 -2.353 -2.311 -2.369 1
10.000 -2.476 -2.437 -2.503 1
10.250 -2.583 -2.553 -2.610 1
10.500 -2.660 -2.624 -2.678 1
10.750 -2.767 -2.728 -2.804 1
11.000 -3.011 -2.968 -3.047 1
11.250 -3.478 -3.417 -3.526 1
11.500 -4.335 -4.247 -4.425 1
11.750 -5.152 -4.998 -5.400 1
# 10 1.5 2.0 0.0 0.7 Ilbert 2013
9.500 -2.287 -2.261 -2.315 1
9.750 -2.371 -2.344 -2.399 1
10.000 -2.497 -2.470 -2.526 1
10.250 -2.609 -2.581 -2.640 1
10.500 -2.682 -2.651 -2.716 1
10.750 -2.794 -2.758 -2.832 1
11.000 -3.036 -2.994 -3.082 1
11.250 -3.492 -3.439 -3.552 1
11.500 -4.350 -4.271 -4.447 1
11.750 -5.166 -5.010 -5.411 1
# 12 2.0 2.5 0.0 0.7 Ilbert 2013
9.550 -2.809 -2.817 -2.800 1
9.750 -2.826 -2.834 -2.818 1
9.950 -3.007 -2.978 -3.039 1
10.150 -3.052 -3.021 -3.086 1
10.350 -3.079 -3.045 -3.115 1
10.550 -3.136 -3.099 -3.177 1
10.750 -3.223 -3.181 -3.269 1
10.950 -3.372 -3.324 -3.427 1
11.150 -3.643 -3.586 -3.710 1
11.350 -4.037 -3.964 -4.124 1
11.550 -4.468 -4.370 -4.594 1
11.750 -5.247 -5.088 -5.500 1
# 11 2.5 3.0 0.0 0.7 Ilbert 2013
10.160 -2.999 -3.007 -2.990 1
10.320 -3.221 -3.179 -3.268 1
10.480 -3.288 -3.243 -3.338 1
10.640 -3.407 -3.358 -3.462 1
10.800 -3.469 -3.415 -3.531 1
10.960 -3.615 -3.554 -3.686 1
11.120 -3.810 -3.740 -3.895 1
11.280 -4.092 -4.008 -4.197 1
11.440 -4.571 -4.459 -4.721 1
11.600 -4.898 -4.744 -5.138 1
11.760 -5.638 -5.392 -6.263 1
# 11 3.0 4.0 0.0 0.7 Ilbert 2013
10.180 -3.381 -3.396 -3.366 1
10.340 -3.578 -3.535 -3.625 1
10.500 -3.711 -3.665 -3.762 1
10.660 -3.928 -3.874 -3.990 1
10.820 -4.008 -3.945 -4.081 1
10.980 -4.213 -4.142 -4.297 1
11.140 -4.302 -4.217 -4.406 1
11.300 -4.661 -4.551 -4.808 1
11.460 -4.980 -4.866 -5.135 1
11.620 -5.019 -4.838 -5.338 1
11.780 -5.854 -5.530 -9.754 1
# 10 0.05 0.2 0.0 0.7 Ilbert 2010
7.260 -0.956 -0.883 -1.044 1
7.690 -1.119 -1.091 -1.149 1
8.120 -1.369 -1.347 -1.393 1
8.550 -1.708 -1.691 -1.725 1
8.980 -1.922 -1.903 -1.941 1
9.410 -2.148 -2.125 -2.174 1
9.840 -2.291 -2.263 -2.321 1
10.270 -2.440 -2.407 -2.475 1
10.700 -2.675 -2.633 -2.723 1
11.130 -3.131 -3.060 -3.215 1
# 10 0.2 0.4 0.0 0.7 Ilbert 2010
8.950 -1.853 -1.843 -1.863 1
9.250 -1.993 -1.983 -2.004 1
9.550 -2.088 -2.076 -2.099 1
9.850 -2.183 -2.171 -2.196 1
10.150 -2.241 -2.228 -2.255 1
10.450 -2.280 -2.266 -2.294 1
10.750 -2.489 -2.471 -2.507 1
11.050 -2.763 -2.739 -2.789 1
11.350 -3.254 -3.213 -3.300 1
11.650 -4.144 -4.038 -4.286 1
# 10 0.4 0.6 0.0 0.7 Ilbert 2010
9.290 -2.224 -2.214 -2.234 1
9.575 -2.373 -2.362 -2.384 1
9.860 -2.471 -2.459 -2.483 1
10.145 -2.504 -2.491 -2.517 1
10.430 -2.541 -2.528 -2.555 1
10.715 -2.636 -2.622 -2.651 1
11.000 -2.854 -2.836 -2.874 1
11.285 -3.392 -3.358 -3.429 1
11.570 -3.993 -3.927 -4.070 1
11.855 -5.095 -4.897 -5.469 1
# 10 0.6 0.8 0.0 0.7 Ilbert 2010
9.480 -2.269 -2.260 -2.278 1
9.720 -2.342 -2.333 -2.351 1
9.960 -2.420 -2.410 -2.431 1
10.200 -2.507 -2.496 -2.518 1
10.440 -2.548 -2.536 -2.560 1
10.680 -2.618 -2.606 -2.631 1
10.920 -2.799 -2.783 -2.815 1
11.160 -3.115 -3.093 -3.138 1
11.400 -3.712 -3.669 -3.759 1
11.640 -4.368 -4.282 -4.475 1
# 10 0.8 1.0 0.0 0.7 Ilbert 2010
9.680 -2.376 -2.367 -2.384 1
9.900 -2.400 -2.391 -2.409 1
10.120 -2.420 -2.410 -2.429 1
10.340 -2.468 -2.458 -2.478 1
10.560 -2.512 -2.502 -2.522 1
10.780 -2.575 -2.564 -2.586 1
11.000 -2.804 -2.790 -2.818 1
11.220 -3.116 -3.096 -3.136 1
11.440 -3.680 -3.642 -3.720 1
11.660 -4.476 -4.388 -4.586 1
# 10 1.0 1.2 0.0 0.7 Ilbert 2010
9.890 -2.554 -2.544 -2.565 1
10.070 -2.599 -2.587 -2.610 1
10.250 -2.644 -2.633 -2.657 1
10.430 -2.642 -2.630 -2.654 1
10.610 -2.714 -2.701 -2.727 1
10.790 -2.820 -2.806 -2.835 1
10.970 -3.000 -2.983 -3.019 1
11.150 -3.297 -3.273 -3.323 1
11.330 -3.789 -3.747 -3.835 1
11.510 -4.329 -4.253 -4.420 1
# 8 1.2 1.5 0.0 0.7 Ilbert 2010
10.570 -2.885 -2.872 -2.898 1
10.720 -2.930 -2.917 -2.944 1
10.870 -3.083 -3.067 -3.100 1
11.020 -3.271 -3.252 -3.292 1
11.170 -3.611 -3.582 -3.642 1
11.320 -3.964 -3.922 -4.011 1
11.470 -4.742 -4.645 -4.867 1
11.620 -5.645 -5.413 -6.179 1
# 10 1.5 2.0 0.0 0.7 Ilbert 2010
11.210 -3.984 -3.934 -4.041 1
11.270 -3.891 -3.845 -3.942 1
11.330 -4.039 -3.985 -4.100 1
11.390 -4.249 -4.182 -4.328 1
11.450 -4.691 -4.585 -4.832 1
11.510 -5.027 -4.878 -5.255 1
11.570 -4.851 -4.726 -5.027 1
11.630 -5.504 -5.272 -6.038 1
11.690 -5.328 -5.130 -5.702 1
11.750 -5.805 -5.504 -6.805 1
# 26 0.2 0.3 0.0 0.7 Moustakas 2013
8.800 -2.009 -1.955 -2.057 1
8.900 -2.039 -1.983 -2.089 1
9.000 -2.160 -2.115 -2.201 1
9.100 -2.185 -2.135 -2.230 1
9.200 -2.078 -2.012 -2.135 1
9.300 -2.085 -2.024 -2.139 1
9.400 -2.142 -2.104 -2.177 1
9.500 -2.155 -2.119 -2.188 1
9.600 -2.124 -2.088 -2.157 1
9.700 -2.200 -2.163 -2.234 1
9.800 -2.212 -2.178 -2.243 1
9.900 -2.242 -2.208 -2.274 1
10.000 -2.215 -2.177 -2.250 1
10.100 -2.320 -2.283 -2.354 1
10.200 -2.285 -2.250 -2.318 1
10.300 -2.330 -2.292 -2.365 1
10.400 -2.350 -2.312 -2.385 1
10.500 -2.380 -2.341 -2.416 1
10.600 -2.396 -2.355 -2.433 1
10.700 -2.422 -2.379 -2.461 1
10.800 -2.542 -2.490 -2.589 1
10.900 -2.642 -2.579 -2.697 1
11.000 -2.784 -2.695 -2.859 1
11.100 -2.830 -2.730 -2.914 1
11.200 -3.170 -2.770 -3.370 1
11.300 -3.540 -3.240 -3.740 1
# 24 0.3 0.4 0.0 0.7 Moustakas 2013
9.200 -2.132 -2.089 -2.172 1
9.300 -2.210 -2.168 -2.248 1
9.400 -2.190 -2.111 -2.258 1
9.500 -2.183 -2.128 -2.232 1
9.600 -2.282 -2.250 -2.312 1
9.700 -2.258 -2.228 -2.286 1
9.800 -2.235 -2.197 -2.270 1
9.900 -2.241 -2.212 -2.268 1
10.000 -2.208 -2.177 -2.237 1
10.100 -2.288 -2.255 -2.318 1
10.200 -2.241 -2.215 -2.265 1
10.300 -2.233 -2.206 -2.258 1
10.400 -2.290 -2.263 -2.315 1
10.500 -2.283 -2.256 -2.308 1
10.600 -2.332 -2.304 -2.359 1
10.700 -2.407 -2.376 -2.436 1
10.800 -2.472 -2.438 -2.504 1
10.900 -2.579 -2.537 -2.618 1
11.000 -2.709 -2.663 -2.751 1
11.100 -2.819 -2.767 -2.866 1
11.200 -3.109 -3.033 -3.174 1
11.300 -3.340 -3.240 -3.426 1
11.400 -3.580 -3.380 -3.680 1
11.500 -4.340 -3.940 -4.540 1
# 23 0.4 0.5 0.0 0.7 Moustakas 2013
9.600 -2.292 -2.220 -2.355 1
9.700 -2.347 -2.316 -2.376 1
9.800 -2.289 -2.259 -2.317 1
9.900 -2.308 -2.268 -2.344 1
10.000 -2.325 -2.297 -2.352 1
10.100 -2.253 -2.166 -2.326 1
10.200 -2.342 -2.312 -2.370 1
10.300 -2.372 -2.345 -2.397 1
10.400 -2.327 -2.291 -2.360 1
10.500 -2.332 -2.302 -2.360 1
10.600 -2.384 -2.356 -2.410 1
10.700 -2.360 -2.327 -2.391 1
10.800 -2.493 -2.464 -2.521 1
10.900 -2.644 -2.605 -2.680 1
11.000 -2.734 -2.695 -2.770 1
11.100 -2.978 -2.926 -3.025 1
11.200 -3.114 -3.048 -3.171 1
11.300 -3.460 -3.360 -3.543 1
11.400 -3.670 -3.570 -3.770 1
11.500 -4.120 -3.820 -4.320 1
11.600 -4.350 -3.950 -4.550 1
11.700 -5.090 -4.090 -5.490 1
11.800 -5.050 -4.050 -5.450 1
# 18 0.5 0.65 0.0 0.7 Moustakas 2013
10.000 -2.419 -2.383 -2.452 1
10.100 -2.394 -2.367 -2.420 1
10.200 -2.371 -2.349 -2.392 1
10.300 -2.388 -2.361 -2.413 1
10.400 -2.382 -2.361 -2.402 1
10.500 -2.346 -2.326 -2.365 1
10.600 -2.408 -2.388 -2.427 1
10.700 -2.431 -2.411 -2.450 1
10.800 -2.502 -2.481 -2.522 1
10.900 -2.602 -2.577 -2.625 1
11.000 -2.729 -2.702 -2.754 1
11.100 -2.921 -2.888 -2.952 1
11.200 -3.118 -3.076 -3.157 1
11.300 -3.311 -3.252 -3.363 1
11.400 -3.649 -3.566 -3.720 1
11.500 -3.800 -3.700 -3.900 1
11.600 -4.520 -4.320 -4.720 1
11.700 -4.210 -4.010 -4.410 1
# 17 0.65 0.8 0.0 0.7 Moustakas 2013
10.400 -2.387 -2.365 -2.408 1
10.500 -2.320 -2.293 -2.345 1
10.600 -2.353 -2.320 -2.384 1
10.700 -2.387 -2.358 -2.414 1
10.800 -2.443 -2.423 -2.462 1
10.900 -2.487 -2.464 -2.509 1
11.000 -2.599 -2.566 -2.630 1
11.100 -2.772 -2.744 -2.798 1
11.200 -2.919 -2.877 -2.958 1
11.300 -3.233 -3.188 -3.274 1
11.400 -3.470 -3.414 -3.520 1
11.500 -3.930 -3.830 -4.027 1
11.600 -4.220 -4.020 -4.320 1
11.700 -4.600 -4.300 -4.800 1
11.800 -4.940 -3.940 -5.340 1
11.900 -4.480 -3.480 -4.880 1
12.000 -5.480 -4.480 -5.880 1
# 11 0.8 1.0 0.0 0.7 Moustakas 2013
10.800 -2.583 -2.555 -2.609 1
10.900 -2.658 -2.635 -2.680 1
11.000 -2.701 -2.673 -2.727 1
11.100 -2.842 -2.814 -2.868 1
11.200 -3.039 -3.004 -3.071 1
11.300 -3.296 -3.257 -3.332 1
11.400 -3.453 -3.374 -3.521 1
11.500 -3.770 -3.670 -3.860 1
11.600 -4.320 -4.220 -4.420 1
11.700 -4.440 -4.240 -4.640 1
11.800 -5.070 -4.670 -5.270 1
# 37 0.2 0.5 0.03 0.7 Muzzin 2013
8.4 -1.599 -1.520 -1.689 1
8.5 -1.702 -1.647 -1.758 1
8.6 -1.708 -1.657 -1.760 1
8.7 -1.747 -1.697 -1.799 1
8.8 -1.832 -1.783 -1.882 1
8.9 -1.860 -1.810 -1.909 1
9.0 -1.894 -1.844 -1.944 1
9.1 -1.942 -1.891 -1.992 1
9.2 -1.978 -1.927 -2.029 1
9.3 -2.039 -1.983 -2.091 1
9.4 -2.101 -2.045 -2.154 1
9.5 -2.111 -2.059 -2.163 1
9.6 -2.170 -2.114 -2.223 1
9.7 -2.220 -2.167 -2.273 1
9.8 -2.211 -2.155 -2.264 1
9.9 -2.208 -2.153 -2.263 1
10.0 -2.282 -2.222 -2.337 1
10.1 -2.319 -2.260 -2.375 1
10.2 -2.321 -2.261 -2.378 1
10.3 -2.357 -2.295 -2.416 1
10.4 -2.341 -2.280 -2.400 1
10.5 -2.388 -2.326 -2.449 1
10.6 -2.392 -2.330 -2.454 1
10.7 -2.466 -2.397 -2.530 1
10.8 -2.560 -2.489 -2.627 1
10.9 -2.616 -2.546 -2.687 1
11.0 -2.716 -2.641 -2.790 1
11.1 -2.839 -2.758 -2.919 1
11.2 -3.049 -2.947 -3.140 1
11.3 -3.069 -2.972 -3.164 1
11.4 -3.279 -3.171 -3.405 1
11.5 -3.606 -3.466 -3.741 1
11.6 -4.226 -3.887 -4.475 1
11.7 -4.226 -3.997 -4.499 1
11.8 -4.527 -4.212 -4.911 1
11.9 -5.004 -4.430 -5.786 1
12.0 -4.703 -4.317 -5.169 1
# 29 0.5 1.0 0.03 0.7 Muzzin 2013
8.9 -2.075 -2.035 -2.111 1
9.0 -2.068 -2.038 -2.099 1
9.1 -2.090 -2.059 -2.124 1
9.2 -2.144 -2.115 -2.180 1
9.3 -2.129 -2.101 -2.158 1
9.4 -2.151 -2.122 -2.181 1
9.5 -2.201 -2.171 -2.230 1
9.6 -2.260 -2.231 -2.289 1
9.7 -2.234 -2.205 -2.265 1
9.8 -2.272 -2.242 -2.301 1
9.9 -2.307 -2.277 -2.337 1
10.0 -2.348 -2.316 -2.378 1
10.1 -2.419 -2.386 -2.450 1
10.2 -2.367 -2.335 -2.399 1
10.3 -2.402 -2.369 -2.435 1
10.4 -2.417 -2.384 -2.450 1
10.5 -2.514 -2.479 -2.548 1
10.6 -2.500 -2.464 -2.535 1
10.7 -2.549 -2.510 -2.585 1
10.8 -2.631 -2.592 -2.671 1
10.9 -2.748 -2.707 -2.788 1
11.0 -2.910 -2.863 -2.953 1
11.1 -3.015 -2.965 -3.064 1
11.2 -3.221 -3.161 -3.275 1
11.3 -3.439 -3.373 -3.500 1
11.4 -3.704 -3.610 -3.780 1
11.5 -3.974 -3.879 -4.065 1
11.6 -4.195 -4.072 -4.322 1
11.7 -4.593 -4.410 -4.770 1
# 24 1.0 1.5 0.03 0.7 Muzzin 2013
9.5 -2.374 -2.320 -2.426 1
9.6 -2.369 -2.338 -2.402 1
9.7 -2.378 -2.351 -2.407 1
9.8 -2.457 -2.429 -2.486 1
9.9 -2.505 -2.478 -2.531 1
10.0 -2.540 -2.514 -2.568 1
10.1 -2.621 -2.593 -2.650 1
10.2 -2.602 -2.573 -2.634 1
10.3 -2.637 -2.608 -2.668 1
10.4 -2.648 -2.619 -2.679 1
10.5 -2.680 -2.649 -2.711 1
10.6 -2.703 -2.669 -2.738 1
10.7 -2.800 -2.766 -2.839 1
10.8 -2.852 -2.816 -2.888 1
10.9 -2.962 -2.924 -3.001 1
11.0 -3.082 -3.041 -3.125 1
11.1 -3.249 -3.199 -3.298 1
11.2 -3.466 -3.412 -3.521 1
11.3 -3.828 -3.750 -3.897 1
11.4 -4.000 -3.923 -4.086 1
11.5 -4.434 -4.288 -4.552 1
11.6 -4.650 -4.485 -4.843 1
11.7 -5.182 -4.877 -5.528 1
11.8 -5.881 -5.252 -6.708 1
# 16 1.5 2.0 0.03 0.7 Muzzin 2013
10.1 -2.713 -2.678 -2.764 1
10.2 -2.805 -2.768 -2.861 1
10.3 -2.830 -2.798 -2.870 1
10.4 -2.901 -2.868 -2.935 1
10.5 -2.957 -2.922 -2.997 1
10.6 -2.954 -2.918 -2.991 1
10.7 -2.984 -2.946 -3.025 1
10.8 -3.145 -3.100 -3.193 1
10.9 -3.158 -3.114 -3.208 1
11.0 -3.314 -3.260 -3.367 1
11.1 -3.576 -3.517 -3.633 1
11.2 -3.733 -3.669 -3.797 1
11.3 -4.078 -3.980 -4.160 1
11.4 -4.416 -4.291 -4.531 1
11.5 -4.717 -4.558 -4.862 1
11.6 -5.470 -5.004 -5.865 1
# 13 2.0 2.5 0.03 0.7 Muzzin 2013
10.5 -3.275 -3.218 -3.332 1
10.6 -3.298 -3.249 -3.359 1
10.7 -3.332 -3.282 -3.381 1
10.8 -3.445 -3.383 -3.502 1
10.9 -3.549 -3.491 -3.609 1
11.0 -3.614 -3.548 -3.680 1
11.1 -3.811 -3.739 -3.889 1
11.2 -4.014 -3.921 -4.096 1
11.3 -4.091 -3.994 -4.225 1
11.4 -4.556 -4.414 -4.683 1
11.5 -5.255 -4.880 -5.540 1
11.6 -5.109 -4.872 -5.400 1
11.7 -5.352 -4.975 -5.876 1
# 6 2.5 3.0 0.03 0.7 Muzzin 2013
10.8 -3.454 -3.391 -3.562 1
11.0 -3.806 -3.733 -3.876 1
11.2 -4.047 -3.957 -4.135 1
11.4 -4.351 -4.241 -4.460 1
11.6 -5.045 -4.813 -5.224 1
11.8 -5.471 -5.160 -5.824 1
# 6 3.0 4.0 0.03 0.7 Muzzin 2013
11.0 -4.361 -4.235 -4.484 1
11.2 -4.856 -4.637 -4.969 1
11.4 -4.997 -4.793 -5.137 1
11.6 -5.206 -5.011 -5.371 1
11.8 -5.829 -5.457 -6.132 1
12.0 -6.051 -5.619 -6.446 1
# 7 3.0 3.5 0.24 0.7 Caputi 2011
10.400 -3.580 -3.540 -3.630 1
10.600 -3.690 -3.650 -3.740 1
10.800 -3.860 -3.810 -3.920 1
11.000 -4.030 -3.970 -4.100 1
11.200 -4.220 -4.150 -4.370 1
11.400 -4.670 -4.560 -4.840 1
11.600 -5.170 -4.990 -5.470 1
# 7 3.5 4.25 0.24 0.7 Caputi 2011
10.400 -3.920 -3.870 -3.980 1
10.600 -4.050 -3.990 -4.120 1
10.800 -4.340 -4.200 -4.430 1
11.000 -4.550 -4.380 -4.670 1
11.200 -4.660 -4.560 -4.790 1
11.400 -5.490 -4.960 -6.020 1
11.600 -5.920 -5.380 -6.680 1
# 6 4.25 5.0 0.24 0.7 Caputi 2011
10.400 -4.480 -4.370 -4.710 1
10.600 -4.910 -4.520 -5.140 1
10.800 -4.790 -4.650 -5.180 1
11.000 -5.390 -4.870 -5.920 1
11.200 -5.460 -4.960 -5.990 1
11.400 -5.830 -5.230 -6.590 1
# 11 0.1 0.35 0.0 0.7 Pozzetti 2010
8.500 -1.759 -1.679 -1.839 1
8.790 -1.846 -1.803 -1.889 1
9.080 -1.976 -1.945 -2.007 1
9.370 -2.070 -2.039 -2.100 1
9.660 -2.175 -2.144 -2.206 1
9.950 -2.238 -2.213 -2.262 1
10.240 -2.263 -2.214 -2.312 1
10.530 -2.276 -2.239 -2.313 1
10.820 -2.493 -2.450 -2.536 1
11.110 -2.987 -2.907 -3.067 1
11.400 -3.877 -3.710 -4.043 1
# 7 0.35 0.55 0.0 0.7 Pozzetti 2010
9.700 -2.146 -2.059 -2.233 1
9.980 -2.350 -2.295 -2.406 1
10.260 -2.400 -2.357 -2.444 1
10.540 -2.463 -2.432 -2.494 1
10.820 -2.587 -2.544 -2.630 1
11.100 -3.051 -2.989 -3.113 1
11.380 -4.171 -4.017 -4.326 1
# 5 0.55 0.75 0.0 0.7 Pozzetti 2010
10.250 -2.494 -2.438 -2.549 1
10.540 -2.500 -2.457 -2.543 1
10.830 -2.648 -2.605 -2.691 1
11.120 -2.944 -2.889 -3.000 1
11.410 -3.747 -3.660 -3.833 1
# 3 0.75 1.0 0.0 0.7 Pozzetti 2010
10.840 -2.778 -2.728 -2.827 1
11.130 -3.056 -3.012 -3.099 1
11.420 -3.796 -3.722 -3.870 1
# 8 1.3 2.0 0.03 0.7 Marchesini 2009
9.53 -2.608 -2.319 -2.900 1
9.83 -2.730 -2.485 -2.975 1
10.13 -2.843 -2.737 -2.949 1
10.43 -2.761 -2.685 -2.837 1
10.73 -2.892 -2.782 -3.002 1
11.03 -3.189 -3.122 -3.256 1
11.33 -3.745 -3.577 -3.913 1
11.63 -4.817 -4.534 -5.117 1
# 7 2.0 3.0 0.03 0.7 Marchesini 2009
9.89 -2.640 -2.34 -2.942 1
10.18 -3.401 -3.110 -3.699 1
10.47 -3.119 -2.904 -3.334 1
10.76 -3.402 -3.284 -3.520 1
11.05 -3.570 -3.467 -3.673 1
11.34 -3.949 -3.836 -4.062 1
11.63 -5.067 -4.734 -5.423 1
# 6 3.0 4.0 0.03 0.7 Marchesini 2009
10.21 -3.141 -3.637 -2.617 1
10.50 -3.433 -3.886 -2.963 1
10.79 -3.929 -4.353 -3.498 1
11.08 -4.025 -4.242 -3.804 1
11.37 -4.282 -4.604 -3.953 1
11.66 -4.784 -5.230 -4.331 1
# 14 0.5 1.0 0.24 0.7 Kajisawa 2009
8.75 -1.768 -1.758 -1.778 1
9.00 -1.834 -1.824 -1.844 1
9.25 -1.883 -1.873 -1.893 1
9.50 -1.950 -1.940 -1.960 1
9.75 -2.064 -2.054 -2.074 1
10.00 -2.196 -2.186 -2.206 1
10.25 -2.245 -2.235 -2.255 1
10.50 -2.344 -2.334 -2.354 1
10.75 -2.361 -2.351 -2.371 1
11.00 -2.525 -2.515 -2.575 1
11.25 -2.705 -2.655 -2.805 1
11.50 -3.291 -3.091 -3.391 1
11.75 -4.040 -3.540 -4.240 1
12.00 -4.350 -3.350 -4.650 1
# 10 1.0 1.5 0.24 0.7 Kajisawa 2009
9.50 -2.050 -2.040 -2.060 1
9.75 -2.212 -2.202 -2.222 1
10.00 -2.439 -2.429 -2.449 1
10.25 -2.519 -2.509 -2.529 1
10.50 -2.632 -2.622 -2.642 1
10.75 -2.663 -2.653 -2.673 1
11.00 -2.906 -2.896 -2.956 1
11.25 -3.084 -3.034 -3.184 1
11.50 -3.685 -3.585 -3.885 1
11.75 -4.220 -3.220 -4.520 1
# 10 1.5 2.5 0.24 0.7 Kajisawa 2009
9.50 -2.208 -2.198 -2.218 1
9.75 -2.404 -2.394 -2.414 1
10.00 -2.551 -2.541 -2.561 1
10.25 -2.682 -2.672 -2.692 1
10.50 -2.796 -2.786 -2.806 1
10.75 -2.943 -2.933 -2.953 1
11.00 -3.204 -3.194 -3.254 1
11.25 -3.416 -3.366 -3.516 1
11.50 -4.020 -3.920 -4.220 1
11.75 -4.445 -4.245 -4.745 1
# 6 2.5 3.5 0.24 0.7 Kajisawa 2009
10.25 -2.879 -2.869 -2.889 1
10.50 -3.157 -3.147 -3.167 1
10.75 -3.369 -3.359 -3.419 1
11.00 -3.988 -3.938 -4.088 1
11.25 -3.827 -3.727 -3.927 1
11.50 -4.250 -4.150 -4.550 1
# 14 1.0 1.5 0.24 0.7 Mortlock 2011
8.60 -1.790 -1.670 -1.910 1
8.85 -1.830 -1.710 -1.950 1
9.10 -1.990 -1.880 -2.100 1
9.35 -2.060 -1.940 -2.180 1
9.60 -2.310 -2.180 -2.440 1
9.85 -2.400 -2.280 -2.520 1
10.10 -2.480 -2.350 -2.610 1
10.35 -2.600 -2.470 -2.730 1
10.60 -2.670 -2.540 -2.800 1
10.85 -2.550 -2.410 -2.690 1
11.10 -2.890 -2.740 -3.040 1
11.35 -3.170 -3.020 -3.320 1
11.60 -3.470 -3.290 -3.650 1
11.85 -4.170 -3.930 -4.410 1
# 12 1.5 2.0 0.24 0.7 Mortlock 2011
9.35 -2.380 -2.260 -2.500 1
9.60 -2.370 -2.240 -2.500 1
9.85 -2.540 -2.420 -2.660 1
10.10 -2.560 -2.430 -2.690 1
10.35 -2.570 -2.440 -2.700 1
10.60 -2.640 -2.510 -2.770 1
10.85 -2.680 -2.550 -2.810 1
11.10 -3.020 -2.880 -3.160 1
11.35 -3.040 -2.890 -3.190 1
11.60 -3.550 -3.350 -3.750 1
11.85 -3.950 -3.700 -4.200 1
12.10 -4.250 -3.980 -4.520 1
# 11 2.0 2.5 0.24 0.7 Mortlock 2011
9.35 -2.170 -2.050 -2.290 1
9.60 -2.150 -2.030 -2.270 1
9.85 -2.210 -2.090 -2.330 1
10.10 -2.320 -2.190 -2.450 1
10.35 -2.620 -2.490 -2.750 1
10.60 -2.700 -2.570 -2.830 1
10.85 -2.890 -2.760 -3.020 1
11.10 -3.450 -3.030 -3.870 1
11.35 -3.640 -3.180 -4.100 1
11.60 -3.980 -3.440 -4.520 1
11.85 -4.750 -2.940 -6.560 1
# 10 2.5 3.0 0.24 0.7 Mortlock 2011
9.60 -2.070 -1.940 -2.200 1
9.85 -2.210 -2.090 -2.330 1
10.10 -2.310 -2.180 -2.440 1
10.35 -2.680 -2.540 -2.820 1
10.60 -3.010 -2.870 -3.150 1
10.85 -3.090 -2.950 -3.230 1
11.10 -3.850 -3.380 -4.320 1
11.35 -3.980 -3.490 -4.470 1
11.60 -4.150 -3.620 -4.680 1
11.85 -4.750 -3.940 -5.560 1
# 11 3.0 3.5 0.24 0.7 Mortlock 2011
9.60 -2.450 -2.330 -2.570 1
9.85 -2.560 -2.430 -2.690 1
10.10 -2.620 -2.490 -2.750 1
10.35 -2.880 -2.740 -3.020 1
10.60 -2.980 -2.840 -3.120 1
10.85 -3.140 -2.980 -3.300 1
11.10 -3.960 -3.760 -4.160 1
11.35 -3.780 -3.610 -3.950 1
11.60 -3.960 -3.770 -4.150 1
11.85 -3.960 -3.770 -4.150 1
12.10 -3.960 -3.740 -4.180 1
# 10 3.5 4.0 0.0 0.72 Lee 2012
8.87 -2.507 -2.372 -2.665 1
9.12 -2.702 -2.612 -2.807 1
9.37 -2.844 -2.747 -2.942 1
9.62 -2.881 -2.799 -2.964 1
9.87 -3.099 -3.016 -3.181 1
10.12 -3.361 -3.278 -3.443 1
10.37 -3.683 -3.541 -3.878 1
10.62 -4.223 -4.021 -4.569 1
10.87 -4.778 -4.508 -5.364 1
11.12 -4.785 -4.448 -6.370 1
# 9 4.5 5.5 0.0 0.72 Lee 2012
8.87 -3.161 -3.026 -3.296 1
9.12 -3.303 -3.176 -3.446 1
9.37 -3.416 -3.251 -3.641 1
9.62 -3.484 -3.327 -3.694 1
9.87 -3.635 -3.507 -3.755 1
10.12 -3.823 -3.695 -3.950 1
10.37 -4.250 -4.093 -4.423 1
10.62 -4.386 -4.198 -4.656 1
10.87 -5.001 -4.626 -6.455 1
# 7 3.4 4.2 0.24 0.7 Gonzalez 2011
7.75 -1.90 -1.79 -2.02 1
8.25 -1.96 -1.84 -2.08 1
8.75 -2.30 -2.20 -2.41 1
9.25 -2.53 -2.43 -2.64 1
9.75 -3.14 -3.02 -3.27 1
10.25 -3.80 -3.60 -4.03 1
10.75 -4.43 -4.17 -4.89 1
# 7 4.5 5.5 0.24 0.7 Gonzalez 2011
7.75 -2.21 -2.03 -2.41 1
8.25 -2.27 -2.09 -2.47 1
8.75 -2.60 -2.45 -2.79 1
9.25 -2.84 -2.67 -3.01 1
9.75 -3.46 -3.29 -3.67 1
10.25 -4.12 -3.90 -4.39 1
10.75 -4.81 -4.48 -5.26 1
# 7 5.5 6.3 0.24 0.7 Gonzalez 2011
7.75 -2.09 -1.86 -2.33 1
8.25 -2.16 -1.93 -2.39 1
8.75 -2.55 -2.35 -2.76 1
9.25 -2.81 -2.62 -3.03 1
9.75 -3.52 -3.31 -3.75 1
10.25 -4.22 -3.94 -4.53 1
10.75 -4.97 -4.59 -5.67 1
# 6 6.3 7.3 0.24 0.7 Gonzalez 2011
7.75 -2.15 -1.74 -2.54 1
8.25 -2.23 -1.86 -2.61 1
8.75 -2.70 -2.36 -3.06 1
9.25 -3.01 -2.67 -3.35 1
9.75 -3.80 -3.44 -4.17 1
10.25 -4.53 -4.14 -5.14 1
# 10 3.8 4.2 0.0 0.7 Duncan 2014
8.63 -1.771 -1.662 -1.881 1
8.88 -1.918 -1.809 -2.028 1
9.13 -2.120 -2.010 -2.230 1
9.38 -2.386 -2.267 -2.487 1
9.63 -2.615 -2.496 -2.716 1
9.88 -2.972 -2.854 -3.110 1
10.13 -3.220 -3.110 -3.357 1
10.38 -3.477 -3.358 -3.696 1
10.63 -4.090 -3.971 -4.419 1
10.88 -4.465 -4.200 -5.343 1
# 9 4.8 5.2 0.0 0.7 Duncan 2014
8.71 -1.967 -1.820 -2.206 1
9.02 -2.323 -2.204 -2.470 1
9.33 -2.588 -2.469 -2.735 1
9.64 -2.825 -2.706 -2.954 1
9.95 -2.943 -2.823 -3.191 1
10.26 -3.336 -3.189 -3.602 1
10.57 -3.876 -3.711 -4.088 1
10.88 -4.371 -4.113 -5.023 1
11.19 -5.214 -4.599 -6.060 1
# 7 5.8 6.2 0.0 0.7 Duncan 2014
8.97 -2.564 -2.418 -2.693 1
9.32 -2.921 -2.793 -3.077 1
9.67 -3.342 -3.223 -3.507 1
10.02 -3.644 -3.506 -3.846 1
10.37 -3.964 -3.734 -4.551 1
10.72 -4.797 -4.403 -6.137 1
11.07 -5.723 -4.475 -6.998 1
# 4 6.8 7.2 0.0 0.7 Duncan 2014
9.3 -3.011 -2.744 -3.737 1
9.66 -3.413 -3.119 -5.601 1
10.02 -3.714 -3.328 -6.389 1
10.38 -4.411 -3.436 -6.993 1
# 9 3.5 4.5 0.24 0.7 Song 2009
7.250 -1.570 -1.360 -1.730 1
7.750 -1.770 -1.620 -1.910 1
8.250 -2.000 -1.870 -2.100 1
8.750 -2.220 -2.130 -2.310 1
9.250 -2.520 -2.430 -2.610 1
9.750 -2.910 -2.790 -2.960 1
10.250 -3.370 -3.280 -3.490 1
10.750 -4.000 -3.800 -4.250 1
11.250 -4.540 -4.200 -5.090 1
# 9 4.5 5.5 0.24 0.7 Song 2009
7.250 -1.470 -1.230 -1.680 1
7.750 -1.720 -1.520 -1.920 1
8.250 -2.010 -1.850 -2.170 1
8.750 -2.330 -2.180 -2.430 1
9.250 -2.680 -2.610 -2.820 1
9.750 -3.120 -3.030 -3.230 1
10.250 -3.470 -3.310 -3.610 1
10.750 -4.120 -3.870 -4.500 1
11.250 -4.880 -4.480 -5.490 1
# 7 5.5 6.5 0.24 0.7 Song 2009
7.250 -1.470 -1.120 -1.790 1
7.750 -1.810 -1.580 -2.090 1
8.250 -2.260 -2.050 -2.420 1
8.750 -2.650 -2.500 -2.800 1
9.250 -3.140 -3.020 -3.250 1
9.750 -3.690 -3.570 -3.820 1
10.250 -4.270 -3.890 -5.130 1
# 8 6.5 7.5 0.24 0.7 Song 2009
7.250 -1.630 -1.090 -2.170 1
7.750 -2.070 -1.620 -2.480 1
8.250 -2.490 -2.110 -2.810 1
8.750 -2.960 -2.640 -3.260 1
9.250 -3.470 -3.150 -3.820 1
9.750 -4.110 -3.700 -4.680 1
10.250 -4.610 -3.890 -5.430 1
10.750 -5.240 -4.340 -5.810 1
# 6 7.5 8.5 0.24 0.7 Song 2009
7.250 -1.730 -0.720 -2.570 1
7.750 -2.280 -1.440 -2.920 1
8.250 -2.880 -2.130 -3.450 1
8.750 -3.450 -2.880 -4.050 1
9.250 -4.210 -3.580 -4.990 1
9.750 -5.310 -4.300 -6.950 1
# 14 3.5 4.5 0.24 0.7 Grazian 2015
8.930 -1.948 -1.694 -2.150 1
9.130 -2.208 -2.042 -2.363 1
9.330 -2.410 -2.244 -2.555 1
9.530 -2.550 -2.399 -2.695 1
9.730 -2.804 -2.649 -2.955 1
9.930 -2.965 -2.815 -3.110 1
10.130 -3.141 -2.996 -3.281 1
10.330 -3.375 -3.214 -3.505 1
10.530 -3.541 -3.370 -3.660 1
10.730 -3.863 -3.691 -3.982 1
10.930 -4.195 -4.049 -4.340 1
11.130 -4.392 -4.169 -4.589 1
11.330 -4.853 -4.480 -5.258 1
11.730 -5.336 -4.776 -6.114 1
# 13 4.5 5.5 0.24 0.7 Grazian 2015 
9.320 -2.810 -2.504 -3.105 1
9.520 -2.830 -2.675 -2.986 1
9.720 -3.058 -2.913 -3.203 1
9.920 -3.140 -2.985 -3.285 1
10.120 -3.300 -3.155 -3.435 1
10.320 -3.616 -3.481 -3.761 1
10.520 -3.755 -3.595 -3.880 1
10.720 -4.081 -3.941 -4.226 1
10.920 -4.334 -4.106 -4.526 1
11.120 -4.598 -4.267 -4.904 1
11.320 -4.981 -4.546 -5.489 1
11.520 -5.291 -4.721 -6.084 1
11.720 -5.286 -4.716 -6.037 1
# 8 5.5 6.5 0.24 0.7 Grazian 2015
9.500 -2.771 -2.444 -3.051 1
9.700 -3.264 -3.072 -3.383 1
9.900 -3.346 -3.175 -3.476 1
10.100 -3.616 -3.455 -3.751 1
10.300 -3.839 -3.662 -3.943 1
10.500 -4.347 -4.119 -4.549 1
10.700 -4.658 -4.321 -4.964 1
10.900 -4.953 -4.492 -5.446 1
# 6 6.5 7.5 0.24 0.7 Grazian 2015
9.750 -3.487 -3.088 -3.778 1
9.950 -4.343 -3.933 -4.820 1
10.150 -4.254 -3.989 -4.487 1
10.350 -4.875 -4.466 -5.353 1
10.550 -5.207 -4.610 -6.000 1
10.750 -5.185 -4.614 -5.984 1
END
