# Header: N IMF hubble Source
# 7 0.0 0.7 Salim 2007 UV
0.1 8.50 -9.4 0.3 0.3 1
0.1 9.00 -9.5 0.3 0.3 1
0.1 9.50 -9.7 0.3 0.3 1
0.1 10.0 -9.9 0.3 0.3 1
0.1 10.5 -10.2 0.3 0.3 1
0.1 11.0 -10.6 0.3 0.3 1
0.1 11.5 -11.6 0.01 0.01 1
# 16 0.0 0.7 Zheng 2007 UV/IR
0.3 9.250 -9.45 0.3 0.3 1
0.3 9.750 -9.61 0.3 0.3 1
0.3 10.25 -9.77 0.3 0.3 1
0.3 10.75 -10.17 0.3 0.3 1
0.5 9.250 -9.15 0.3 0.3 1
0.5 9.750 -9.29 0.3 0.3 1
0.5 10.25 -9.55 0.3 0.3 1
0.5 10.75 -9.87 0.3 0.3 1
0.7 9.250 -8.95 0.3 0.3 1
0.7 9.750 -9.01 0.3 0.3 1
0.7 10.25 -9.32 0.3 0.3 1
0.7 10.75 -9.65 0.3 0.3 1
0.9 9.250 -8.79 0.3 0.3 1
0.9 9.750 -8.84 0.3 0.3 1
0.9 10.25 -9.07 0.3 0.3 1
0.9 10.75 -9.58 0.3 0.3 1
# 1 0.0 0.7 Twite 2012 Ha
1.0 11.1 -9.2 0.3 0.9 1
# 46 0.03 0.7 Noeske 2007
0.975 9.60 -8.49 0.3 0.3 1
0.975 9.80 -8.79 0.3 0.3 1
0.975 10.0 -8.91 0.3 0.3 1
0.975 10.2 -9.11 0.3 0.3 1
0.975 10.4 -9.23 0.3 0.3 1
0.975 10.6 -9.34 0.3 0.3 1
0.975 10.8 -9.45 0.3 0.3 1
0.975 11.0 -9.53 0.3 0.3 1
0.975 11.2 -9.66 0.3 0.3 1
0.975 11.4 -9.82 0.3 0.3 1
0.975 11.6 -10.13 0.3 0.3 1
0.775 9.40 -8.75 0.3 0.3 1
0.775 9.60 -8.93 0.3 0.3 1
0.775 9.80 -9.04 0.3 0.3 1
0.775 10.0 -9.23 0.3 0.3 1
0.775 10.2 -9.34 0.3 0.3 1
0.775 10.4 -9.48 0.3 0.3 1
0.775 10.6 -9.50 0.3 0.3 1
0.775 10.8 -9.60 0.3 0.3 1
0.775 11.0 -9.70 0.3 0.3 1
0.775 11.2 -9.90 0.3 0.3 1
0.575 9.00 -8.76 0.3 0.3 1
0.575 9.20 -8.86 0.3 0.3 1
0.575 9.40 -9.02 0.3 0.3 1
0.575 9.60 -9.16 0.3 0.3 1
0.575 9.80 -9.25 0.3 0.3 1
0.575 10.0 -9.31 0.3 0.3 1
0.575 10.2 -9.44 0.3 0.3 1
0.575 10.4 -9.55 0.3 0.3 1
0.575 10.6 -9.67 0.3 0.3 1
0.575 10.8 -9.75 0.3 0.3 1
0.575 11.0 -9.89 0.3 0.3 1
0.575 11.2 -10.12 0.3 0.3 1
0.325 8.80 -9.23 0.3 0.3 1
0.325 9.00 -9.30 0.3 0.3 1
0.325 9.20 -9.41 0.3 0.3 1
0.325 9.40 -9.47 0.3 0.3 1
0.325 9.60 -9.52 0.3 0.3 1
0.325 9.80 -9.56 0.3 0.3 1
0.325 10.0 -9.65 0.3 0.3 1
0.325 10.2 -9.73 0.3 0.3 1
0.325 10.4 -9.81 0.3 0.3 1
0.325 10.6 -9.96 0.3 0.3 1
0.325 10.8 -10.07 0.3 0.3 1
0.325 11.0 -10.21 0.3 0.3 1
0.325 11.2 -10.12 0.3 0.3 1
# 1 0.24 0.7 Tadaki 2011
2.2 10.6 -9.16 0.3 0.3 1
# 60 0.0 0.7 Whitaker 2012
0.25 8.58 -9.31 0.3 0.3 1
0.25 8.69 -9.29 0.3 0.3 1
0.25 8.80 -9.37 0.3 0.3 1
0.25 8.89 -9.38 0.3 0.3 1
0.25 8.99 -9.38 0.3 0.3 1
0.25 9.08 -9.43 0.3 0.3 1
0.25 9.18 -9.45 0.3 0.3 1
0.25 9.29 -9.49 0.3 0.3 1
0.25 9.41 -9.48 0.3 0.3 1
0.25 9.54 -9.53 0.3 0.3 1
0.25 9.70 -9.52 0.3 0.3 1
0.25 9.93 -9.65 0.3 0.3 1
0.25 10.19 -9.65 0.3 0.3 1
0.25 10.57 -9.90 0.3 0.3 1
0.75 8.99 -8.87 0.3 0.3 1
0.75 9.18 -8.93 0.3 0.3 1
0.75 9.30 -8.99 0.3 0.3 1
0.75 9.39 -9.00 0.3 0.3 1
0.75 9.49 -9.04 0.3 0.3 1
0.75 9.58 -9.02 0.3 0.3 1
0.75 9.68 -9.06 0.3 0.3 1
0.75 9.79 -9.05 0.3 0.3 1
0.75 9.90 -9.07 0.3 0.3 1
0.75 10.04 -9.08 0.3 0.3 1
0.75 10.21 -9.18 0.3 0.3 1
0.75 10.42 -9.25 0.3 0.3 1
0.75 10.75 -9.45 0.3 0.3 1
1.25 9.39 -8.66 0.3 0.3 1
1.25 9.56 -8.73 0.3 0.3 1
1.25 9.66 -8.77 0.3 0.3 1
1.25 9.76 -8.80 0.3 0.3 1
1.25 9.86 -8.82 0.3 0.3 1
1.25 9.95 -8.80 0.3 0.3 1
1.25 10.07 -8.84 0.3 0.3 1
1.25 10.18 -8.84 0.3 0.3 1
1.25 10.32 -8.90 0.3 0.3 1
1.25 10.46 -8.98 0.3 0.3 1
1.25 10.62 -9.04 0.3 0.3 1
1.25 10.91 -9.10 0.3 0.3 1
1.75 9.73 -8.57 0.3 0.3 1
1.75 9.89 -8.58 0.3 0.3 1
1.75 10.01 -8.57 0.3 0.3 1
1.75 10.12 -8.57 0.3 0.3 1
1.75 10.22 -8.58 0.3 0.3 1
1.75 10.33 -8.60 0.3 0.3 1
1.75 10.45 -8.68 0.3 0.3 1
1.75 10.55 -8.69 0.3 0.3 1
1.75 10.67 -8.82 0.3 0.3 1
1.75 10.83 -8.86 0.3 0.3 1
1.75 11.06 -9.01 0.3 0.3 1
2.25 9.89 -8.44 0.3 0.3 1
2.25 10.10 -8.57 0.3 0.3 1
2.25 10.22 -8.50 0.3 0.3 1
2.25 10.34 -8.52 0.3 0.3 1
2.25 10.45 -8.53 0.3 0.3 1
2.25 10.57 -8.54 0.3 0.3 1
2.25 10.67 -8.56 0.3 0.3 1
2.25 10.83 -8.68 0.3 0.3 1
2.25 11.00 -8.78 0.3 0.3 1
2.25 11.25 -8.90 0.3 0.3 1
# 8 0.24 0.73 Daddi 2007
2.0 9.60 -8.56 0.3 0.3 1
2.0 9.80 -8.58 0.3 0.3 1
2.0 10.0 -8.60 0.3 0.3 1
2.0 10.2 -8.62 0.3 0.3 1
2.0 10.4 -8.64 0.3 0.3 1
2.0 10.6 -8.66 0.3 0.3 1
2.0 10.8 -8.68 0.3 0.3 1
2.0 11.0 -8.70 0.3 0.3 1
# 7 0.0 0.7 Salmi 2012
0.9 9.80 -9.31 0.3 0.3 1
0.9 10.0 -9.31 0.3 0.3 1
0.9 10.2 -9.32 0.3 0.3 1
0.9 10.4 -9.32 0.3 0.3 1
0.9 10.6 -9.32 0.3 0.3 1
0.9 10.8 -9.33 0.3 0.3 1
0.9 11.0 -9.33 0.3 0.3 1
# 31 0.0 0.7 Karim 2011
0.27 10.04 -9.96 0.07 0.08 1
0.49 10.05 -9.56 0.08 0.09 1
0.29 10.35 -10.15 0.05 0.03 1
0.49 10.34 -9.71 0.05 0.05 1
0.68 10.35 -9.59 0.09 0.10 1
0.89 10.35 -9.33 0.07 0.08 1
1.09 10.35 -9.13 0.06 0.06 1
0.28 10.63 -10.37 0.05 0.05 1
0.48 10.64 -9.96 0.07 0.05 1
0.69 10.63 -9.73 0.05 0.10 1
0.89 10.64 -9.55 0.05 0.09 1
1.09 10.64 -9.34 0.06 0.07 1
1.37 10.64 -9.10 0.07 0.08 1
1.78 10.63 -8.81 0.06 0.04 1
0.27 10.95 -10.61 0.07 0.09 1
0.48 10.92 -10.16 0.05 0.04 1
0.69 10.92 -9.96 0.08 0.09 1
0.90 10.91 -9.75 0.06 0.04 1
1.10 10.92 -9.53 0.05 0.06 1
1.36 10.91 -9.30 0.07 0.09 1
1.79 10.92 -8.96 0.04 0.03 1
2.21 10.93 -8.82 0.06 0.05 1
0.27 11.20 -10.80 0.06 0.17 1
0.48 11.23 -10.47 0.14 0.38 1
0.69 11.20 -10.04 0.10 0.13 1
0.90 11.20 -9.93 0.08 0.12 1
1.10 11.20 -9.61 0.05 0.07 1
1.35 11.20 -9.44 0.07 0.11 1
1.78 11.20 -8.99 0.04 0.06 1
2.22 11.22 -8.85 0.07 0.07 1
2.71 11.23 -8.69 0.07 0.07 1
# 45 0.24 0.7 Kajisawa 2010
0.75 8.50 -9.08 0.3 0.3 1
0.75 8.75 -9.13 0.3 0.3 1
0.75 9.00 -9.15 0.3 0.3 1
0.75 9.26 -9.19 0.3 0.3 1
0.75 9.50 -9.13 0.3 0.3 1
0.75 9.79 -9.25 0.3 0.3 1
0.75 10.05 -9.34 0.3 0.3 1
0.75 10.26 -9.42 0.3 0.3 1
0.75 10.48 -9.26 0.3 0.3 1
0.75 10.74 -9.52 0.3 0.3 1
0.75 11.00 -10.36 0.3 0.3 1
0.75 11.29 -10.37 0.3 0.3 1
0.75 11.56 -10.36 0.3 0.3 1
0.75 11.77 -10.34 0.3 0.3 1
1.25 9.25 -8.92 0.3 0.3 1
1.25 9.53 -8.93 0.3 0.3 1
1.25 9.79 -8.76 0.3 0.3 1
1.25 9.99 -8.52 0.3 0.3 1
1.25 10.27 -8.62 0.3 0.3 1
1.25 10.52 -8.58 0.3 0.3 1
1.25 10.77 -8.66 0.3 0.3 1
1.25 11.02 -8.93 0.3 0.3 1
1.25 11.26 -8.87 0.3 0.3 1
1.25 11.52 -8.98 0.3 0.3 1
1.25 11.74 -9.02 0.3 0.3 1
2.00 8.75 -8.89 0.3 0.3 1
2.00 9.03 -8.95 0.3 0.3 1
2.00 9.26 -9.01 0.3 0.3 1
2.00 9.52 -8.87 0.3 0.3 1
2.00 9.78 -8.89 0.3 0.3 1
2.00 10.02 -8.86 0.3 0.3 1
2.00 10.25 -8.75 0.3 0.3 1
2.00 10.51 -8.94 0.3 0.3 1
2.00 10.74 -9.45 0.3 0.3 1
2.00 10.99 -9.29 0.3 0.3 1
2.00 11.23 -9.75 0.3 0.3 1
2.00 11.50 -9.80 0.3 0.3 1
2.00 11.75 -9.85 0.3 0.3 1
3.00 9.51 -8.82 0.3 0.3 1
3.00 9.77 -8.95 0.3 0.3 1
3.00 10.03 -8.85 0.3 0.3 1
3.00 10.50 -8.76 0.3 0.3 1
3.00 10.76 -8.48 0.3 0.3 1
3.00 11.01 -8.96 0.3 0.3 1
3.00 11.25 -8.94 0.3 0.3 1
# 8 0.24 0.7 Reddy 2012
2.3 9.40 -8.61 0.3 1.0 1
2.3 9.66 -8.69 0.3 0.7 1
2.3 9.91 -8.82 0.3 0.3 1
2.3 10.15 -8.52 0.3 0.3 1
2.3 10.40 -8.82 0.3 0.3 1
2.3 10.66 -8.61 0.3 0.3 1
2.3 10.91 -8.45 0.3 0.3 1
2.3 11.15 -8.69 0.3 0.3 1
# 18 0.24 0.7 Feulner 2006
0.60 9.00 -8.60 0.4 0.4 1
0.60 10.0 -9.20 0.3 0.3 1
0.60 11.0 -10.11 0.5 0.5 1
1.00 9.00 -8.60 0.2 0.2 1
1.00 10.0 -9.09 0.3 0.3 1
1.00 11.0 -10.04 0.4 0.4 1
1.50 9.00 -8.59 0.2 0.2 1
1.50 10.0 -9.07 0.2 0.2 1
1.50 11.0 -10.02 0.5 0.5 1
2.15 9.00 -8.41 0.3 0.3 1
2.15 10.0 -8.84 0.3 0.3 1
2.15 11.0 -9.56 0.4 0.4 1
3.00 9.00 -8.38 0.3 0.3 1
3.00 10.0 -8.81 0.2 0.2 1
3.00 11.0 -9.21 0.5 0.5 1
4.25 9.00 -8.25 0.4 0.4 1
4.25 10.0 -8.78 0.4 0.4 1
4.25 11.0 -9.20 0.5 0.5 1
# 6 0.24 0.7 Gonzalez 2012
4.0 9.0 -8.39 0.3 0.3 1
4.0 9.7 -8.49 0.3 0.3 1
5.0 9.0 -8.27 0.3 0.3 1
5.0 9.7 -8.50 0.3 0.3 1
6.0 9.0 -8.27 0.3 0.3 1
6.0 9.7 -8.35 0.3 0.3 1
# 2 0.24 0.7 Schaerer 2010
7.0 8.0 -7.97 0.3 0.3 1
7.0 9.0 -8.17 0.3 0.3 1
# 1 0.24 0.7 Labbe 2013
8.0 8.95 -7.95 0.3 0.3 1
# 1 0.0 0.7 McLure 2011
6.8 8.92 -8.32 0.3 0.3 1
# 4 0.0 0.7 Duncan 2014
4.0 9.7 -8.63 0.25 0.25 1
5.0 9.7 -8.54 0.25 0.25 1
6.0 9.7 -8.38 0.25 0.25 1
7.0 9.7 -8.22 0.25 0.25 1
END
