# Redshift for all correlation functions
0.08
# Header: N mmin mmax imf hubble Comment
# 25 9.0 9.5 10.0 0.0 1.0 Li 2006
0.11 411.3 133.7 1
0.14 428.6 94.3 1
0.18 340.3 76.1 1
0.23 233.1 52.9 1
0.28 235.0 37.2 1
0.36 159.0 24.5 1
0.45 133.4 17.7 1
0.57 97.9 15.1 1
0.71 77.4 11.0 1
0.90 62.3 9.1 1
1.13 44.6 7.3 1
1.42 30.3 5.5 1
1.79 24.7 4.0 1
2.25 26.7 4.1 1
2.84 19.9 3.4 1
3.57 13.9 3.2 1
4.50 13.7 2.8 1
5.66 7.3 2.5 1
7.13 3.9 2.4 1
8.97 3.7 1.9 1
11.29 3.3 1.9 1
14.22 4.8 1.7 1
17.90 4.6 1.9 1
22.54 0.9 1.8 1
28.37 0.5 1.8 1
# 25 9.5 10.0 10.0 0.0 1.0 Li 2006
0.11 432.9 77.7 1
0.14 393.3 57.2 1
0.18 355.6 44.9 1
0.23 218.8 27.9 1
0.28 209.5 23.5 1
0.36 174.5 19.6 1
0.45 151.8 12.9 1
0.57 141.4 12.1 1
0.71 107.7 9.8 1
0.90 85.7 7.9 1
1.13 64.6 5.9 1
1.42 45.5 4.7 1
1.79 37.6 3.9 1
2.25 29.7 3.4 1
2.84 23.7 2.4 1
3.57 20.6 2.2 1
4.50 18.1 2.1 1
5.66 15.1 1.9 1
7.13 10.8 1.7 1
8.97 9.1 1.6 1
11.29 7.8 1.8 1
14.22 3.9 1.6 1
17.90 1.9 1.4 1
22.54 2.2 1.4 1
28.37 3.2 1.3 1
# 27 10.0 10.5 10.0 0.0 1.0 Li 2006
0.11 416.0 34.9 1
0.14 338.8 28.8 1
0.18 332.3 22.2 1
0.23 252.8 16.1 1
0.28 220.6 13.9 1
0.36 195.2 9.7 1
0.45 176.3 9.4 1
0.57 136.5 6.1 1
0.71 117.2 4.5 1
0.90 95.0 4.3 1
1.13 73.3 3.7 1
1.42 56.8 2.6 1
1.79 47.9 2.2 1
2.25 35.9 1.7 1
2.84 30.1 1.5 1
3.57 23.1 1.3 1
4.50 22.6 1.3 1
5.66 15.6 4.1 1
7.13 14.3 1.1 1
8.97 14.0 0.8 1
11.29 11.9 0.9 1
14.22 6.6 0.8 1
17.90 5.9 0.8 1
22.54 4.5 0.7 1
28.37 3.2 0.8 1
35.72 3.1 0.7 1
44.96 2.4 1.0 1
# 27 10.5 11.0 10.0 0.0 1.0 Li 2006
0.11 457.4 29.1 1
0.14 376.9 24.1 1
0.18 325.2 19.2 1
0.23 260.1 12.6 1
0.28 221.4 10.4 1
0.36 196.8 8.5 1
0.45 160.1 6.3 1
0.57 135.2 4.5 1
0.71 115.1 3.9 1
0.90 93.7 3.3 1
1.13 75.2 2.6 1
1.42 60.9 2.1 1
1.79 49.1 1.5 1
2.25 39.3 1.2 1
2.84 35.1 1.2 1
3.57 28.8 1.2 1
4.50 24.3 1.1 1
5.66 20.7 0.8 1
7.13 16.8 0.8 1
8.97 14.1 0.8 1
11.29 11.0 0.7 1
14.22 8.4 0.7 1
17.90 7.0 0.6 1
22.54 5.2 0.6 1
28.37 3.8 0.5 1
35.72 3.2 0.5 1
44.96 3.1 0.5 1
# 27 11.0 11.5 10.0 0.0 1.0 Li 2006
0.11 894.5 120.4 1
0.14 670.3 63.8 1
0.18 578.0 55.9 1
0.23 328.5 35.4 1
0.28 351.9 21.0 1
0.36 280.7 17.3 1
0.45 219.9 13.6 1
0.57 166.9 11.0 1
0.71 138.9 8.1 1
0.90 116.4 7.1 1
1.13 91.4 4.0 1
1.42 77.0 3.7 1
1.79 65.6 2.9 1
2.25 56.5 1.9 1
2.84 46.2 1.7 1
3.57 38.2 1.4 1
4.50 32.2 1.2 1
5.66 26.8 1.1 1
7.13 22.0 1.0 1
8.97 16.8 0.8 1
11.29 12.7 0.9 1
14.22 9.3 0.8 1
17.90 6.9 0.7 1
22.54 4.4 0.7 1
28.37 3.1 0.6 1
35.72 2.5 0.6 1
44.96 2.0 0.5 1
# 27 8.77 9.27 13.7 0.0 0.73 Guo 2011
0.0195 1603.22 1379.97 1
0.0245 216.79 99.23 1
0.0309 500.77 205.65 1
0.0389 651.25 227.97 1
0.0490 414.40 127.83 1
0.0617 505.70 131.79 1
0.0776 439.48 95.99 1
0.0977 419.85 67.85 1
0.1230 432.36 74.57 1
0.1549 429.55 60.49 1
0.1950 341.81 48.61 1
0.2455 312.98 46.26 1
0.3090 276.02 40.03 1
0.3890 271.55 35.56 1
0.4898 218.92 30.21 1
0.6166 206.43 29.65 1
0.7762 158.47 21.87 1
0.9772 140.44 21.54 1
1.2303 104.18 15.98 1
1.5488 83.17 13.21 1
1.9498 61.00 10.11 1
2.4547 45.10 7.90 1
3.0903 34.29 6.46 1
3.8905 25.31 4.94 1
4.8978 16.05 3.20 1
6.1660 14.02 2.88 1
7.7625 11.85 2.51 1
# 31 9.27 9.77 13.7 0.0 0.73 Guo 2011
0.0155 2413.89 1696.21 1
0.0195 772.35 371.95 1
0.0245 907.73 320.33 1
0.0309 999.49 245.60 1
0.0389 767.58 185.77 1
0.0490 842.42 160.86 1
0.0617 757.80 135.63 1
0.0776 866.28 136.25 1
0.0977 671.82 81.15 1
0.1230 668.61 75.96 1
0.1549 681.90 68.53 1
0.1950 593.72 53.54 1
0.2455 526.30 45.11 1
0.3090 486.74 45.33 1
0.3890 439.99 39.02 1
0.4898 353.68 29.26 1
0.6166 305.45 23.44 1
0.7762 269.00 22.66 1
0.9772 219.43 20.11 1
1.2303 178.12 17.90 1
1.5488 144.12 14.27 1
1.9498 107.83 11.15 1
2.4547 83.08 8.47 1
3.0903 66.67 8.53 1
3.8905 54.39 7.03 1
4.8978 38.37 4.74 1
6.1660 27.65 3.50 1
7.7625 20.36 2.83 1
9.7724 15.23 2.25 1
12.3027 12.59 2.10 1
15.4882 10.10 1.53 1
# 31 9.77 10.27 13.7 0.0 0.73 Guo 2011
0.0155 1834.52 419.30 1
0.0195 1761.27 341.35 1
0.0245 1493.66 233.17 1
0.0309 1099.02 140.79 1
0.0389 1171.32 123.02 1
0.0490 977.27 89.70 1
0.0617 846.55 72.67 1
0.0776 714.42 61.32 1
0.0977 712.13 61.13 1
0.1230 645.73 58.31 1
0.1549 613.90 58.17 1
0.1950 554.84 53.39 1
0.2455 467.48 40.82 1
0.3090 390.67 28.84 1
0.3890 360.66 27.71 1
0.4898 307.86 23.19 1
0.6166 264.95 21.95 1
0.7762 218.54 15.14 1
0.9772 178.22 14.77 1
1.2303 137.49 10.36 1
1.5488 110.30 8.31 1
1.9498 86.35 6.51 1
2.4547 71.11 5.79 1
3.0903 57.80 4.44 1
3.8905 47.60 3.51 1
4.8978 39.71 3.29 1
6.1660 32.60 2.60 1
7.7625 26.02 1.84 1
9.7724 19.88 1.38 1
12.3027 15.79 1.14 1
15.4882 12.33 0.98 1
# 33 10.27 10.77 13.7 0.0 0.73 Guo 2011
0.0155 3503.02 226.60 1
0.0195 2229.51 151.07 1
0.0245 2684.99 173.76 1
0.0309 1643.22 91.23 1
0.0389 1619.18 99.84 1
0.0490 1215.06 63.71 1
0.0617 1177.91 76.23 1
0.0776 1008.77 68.35 1
0.0977 858.30 56.85 1
0.1230 784.61 53.17 1
0.1549 643.00 42.59 1
0.1950 544.42 31.06 1
0.2455 457.95 28.94 1
0.3090 395.40 22.56 1
0.3890 339.18 19.35 1
0.4898 294.29 19.94 1
0.6166 251.62 14.74 1
0.7762 210.63 15.87 1
0.9772 174.59 11.56 1
1.2303 141.92 9.83 1
1.5488 114.42 7.58 1
1.9498 94.23 5.95 1
2.4547 77.60 4.31 1
3.0903 64.32 3.17 1
3.8905 53.49 2.89 1
4.8978 45.22 2.79 1
6.1660 37.97 2.05 1
7.7625 31.68 1.81 1
9.7724 26.48 1.39 1
12.3027 21.66 1.27 1
15.4882 16.91 0.73 1
19.4984 12.64 0.60 1
24.5471 9.52 0.48 1
# 29 10.77 11.27 13.7 0.0 0.73 Guo 2011
0.0389 3371.49 269.42 1
0.0490 3092.04 219.00 1
0.0617 2448.21 206.58 1
0.0776 1780.64 147.59 1
0.0977 1454.31 100.79 1
0.1230 1278.35 90.54 1
0.1549 1045.78 75.65 1
0.1950 905.84 68.27 1
0.2455 755.71 59.23 1
0.3090 558.69 37.02 1
0.3890 450.38 31.21 1
0.4898 386.94 24.46 1
0.6166 302.39 23.25 1
0.7762 241.39 16.73 1
0.9772 194.91 11.42 1
1.2303 159.45 10.32 1
1.5488 130.23 9.03 1
1.9498 105.67 6.68 1
2.4547 90.05 6.10 1
3.0903 75.62 5.24 1
3.8905 64.23 4.55 1
4.8978 53.76 3.15 1
6.1660 44.70 2.55 1
7.7625 36.81 1.93 1
9.7724 29.62 1.69 1
12.3027 24.00 1.52 1
15.4882 18.57 1.29 1
19.4984 14.09 0.91 1
24.5471 10.59 0.44 1
# 17 11.27 11.77 13.7 0.0 0.73 Guo 2011
0.7762 641.29 62.66 1
0.9772 524.66 39.53 1
1.2303 342.71 24.27 1
1.5488 272.71 12.61 1
1.9498 216.66 14.68 1
2.4547 193.26 11.33 1
3.0903 157.09 9.69 1
3.8905 128.73 8.92 1
4.8978 107.40 6.95 1
6.1660 91.82 4.96 1
7.7625 69.92 5.27 1
9.7724 58.43 3.69 1
12.3027 47.11 3.41 1
15.4882 36.70 2.21 1
19.4984 30.17 1.54 1
24.5471 21.18 0.68 1
30.9030 15.84 0.90 1
# 14 9.0 9.5 10.0 0.0 1.0 Yang 2012
0.12 373.399 200.617 1
0.19 259.170 92.989 1
0.30 221.851 69.188 1
0.48 152.048 46.861 1
0.75 112.231 32.711 1
1.20 67.752 12.318 1
1.90 42.485 6.752 1
3.01 27.063 2.678 1
4.77 16.820 1.987 1
7.55 10.066 1.942 1
11.97 5.762 0.959 1
18.97 3.637 1.183 1
30.07 2.613 0.369 1
47.66 0.486 0.448 1
# 14 9.5 10.0 10.0 0.0 1.0 Yang 2012
0.12 388.815 83.198 1
0.19 288.384 55.778 1
0.30 228.047 40.157 1
0.48 161.172 25.446 1
0.75 111.791 14.929 1
1.20 69.407 7.387 1
1.90 45.751 3.630 1
3.01 30.453 2.027 1
4.77 20.490 0.995 1
7.55 12.326 0.888 1
11.97 6.884 0.677 1
18.97 4.021 0.539 1
30.07 2.850 0.229 1
47.66 0.532 0.463 1
# 14 10.0 10.5 10.0 0.0 1.0 Yang 2012
0.12 393.234 30.913 1
0.19 287.154 25.668 1
0.30 223.528 14.039 1
0.48 164.613 7.819 1
0.75 113.182 3.683 1
1.20 73.073 1.938 1
1.90 49.318 0.960 1
3.01 34.459 0.776 1
4.77 24.065 0.617 1
7.55 15.995 0.983 1
11.97 9.983 0.895 1
18.97 5.171 0.673 1
30.07 3.470 0.229 1
47.66 1.306 0.922 1
# 14 10.5 11.0 10.0 0.0 1.0 Yang 2012
0.12 597.466 90.192 1
0.19 411.860 24.702 1
0.30 267.002 23.886 1
0.48 177.249 10.115 1
0.75 129.185 5.566 1
1.20 83.692 3.573 1
1.90 57.954 2.935 1
3.01 41.691 1.673 1
4.77 29.157 1.126 1
7.55 20.199 1.041 1
11.97 12.782 0.942 1
18.97 7.316 0.618 1
30.07 4.050 0.647 1
47.66 2.619 0.762 1
# 14 11.0 11.5 10.0 0.0 1.0 Yang 2012
0.12 2423.422 1684.429 1
0.19 1340.480 391.143 1
0.30 746.369 123.150 1
0.48 366.864 30.737 1
0.75 241.362 21.748 1
1.20 137.289 7.388 1
1.90 98.301 3.801 1
3.01 66.697 2.229 1
4.77 45.976 1.532 1
7.55 31.164 0.951 1
11.97 18.996 0.569 1
18.97 10.485 0.414 1
30.07 5.545 0.297 1
47.66 2.473 0.213 1
END
